    7.60   58.11   10.83     218.13   2.00   0.4807   0.1019 1 0 .100E+01
    6.47   54.76    9.32      83.12   2.47   0.7577   0.0773 2 0 .000E+00
    6.48   58.05    9.23     228.62   3.72   0.3687   0.1488 1 0 .100E+01
    7.45   61.71   10.45     234.76   0.61   0.4366   0.0407 1 2 .100E+01
    7.32   65.54   10.08     224.02   2.31   0.3123   0.1385 1 0 .100E+01
    9.62   53.07   13.94      38.91   0.97   1.1189   0.0321 1 0 .000E+00
    9.29   58.38   13.21      56.44   1.94   1.0206   0.0582 1 0 .000E+00
    8.96   59.86   12.67       3.89   2.10   0.9460   0.0300 1 0 .000E+00
    9.14   61.44   12.83     217.34   3.16   0.8740   0.2180 1 0 .970E+00
    8.57   62.45   11.96     215.49   4.56   0.5706   0.2472 1 0 .996E+00
    7.40  108.68    7.72     224.98   2.89   0.2390   0.1015 2 0 .100E+01
    7.81  101.90    8.47     231.36   1.93   0.4054   0.0839 1 0 .100E+01
    7.10   97.29    7.94     230.40   4.30   0.3334   0.1249 1 0 .100E+01
    7.64   76.53    9.88     222.16   0.81   0.3917   0.0370 1 1 .100E+01
    8.24   75.31   10.74     216.43   2.21   0.4399   0.0926 2 0 .100E+01
    5.72   91.50    6.66     215.59   4.61   0.2282   0.1208 1 0 .100E+01
    5.54   81.90    6.91     228.83   3.74   0.3894   0.1218 1 0 .100E+01
    6.24   80.02    7.88     218.41   1.76   0.3473   0.0911 1 0 .100E+01
    5.92   80.08    7.48     231.87   2.45   0.4238   0.1529 1 0 .100E+01
    6.17   74.59    8.08     219.62   2.20   0.5235   0.1221 1 0 .100E+01
   11.80   45.34   17.44     221.40   3.41   0.2159   0.1361 1 0 .100E+01
   10.92   50.42   15.95     232.69   2.29   0.2702   0.1489 1 0 .100E+01
   11.34   52.02   16.49     221.70   4.35   0.4828   0.1233 1 0 .999E+00
   10.54   53.72   15.25     223.13   1.68   0.4259   0.0666 1 1 .100E+01
   10.82   59.22   15.34     228.43   2.94   0.5068   0.0957 1 0 .999E+00
    9.91   63.12   13.81     211.66   1.66   0.2640   0.0477 1 0 .100E+01
   12.12   52.65   17.58     263.33   2.10   0.6320   0.1129 1 0 .431E-04
   12.03   54.17   17.36      97.03   1.86   0.7406   0.0760 1 0 .000E+00
   11.01   63.71   15.31     232.79   2.52   0.4115   0.0624 1 0 .100E+01
   10.75   69.69   14.48     214.09   3.89   0.4918   0.1735 1 0 .998E+00
   11.48   75.32   14.96     214.42   1.69   0.3440   0.0789 2 0 .100E+01
   11.80   80.89   14.84     216.00   1.63   0.6794   0.0642 3 0 .920E+00
   11.51   80.85   14.46     223.76   2.53   0.2485   0.2171 1 0 .100E+01
   11.22   93.83   12.86     219.60   0.91   0.4363   0.0421 1 1 .100E+01
   11.36   91.36   13.26     161.09   2.83   0.7834   0.0873 1 1 .233E-14
   12.45   85.90   15.10      35.93   1.64   0.8302   0.0637 1 1 .000E+00
   12.42   81.66   15.51     217.79   0.77   0.4372   0.0374 1 2 .100E+01
    8.81   84.26   10.81     221.63   2.43   0.3934   0.0876 1 0 .100E+01
    9.48   74.95   12.37     221.84   1.65   0.3118   0.1028 1 0 .100E+01
   14.13   54.33   20.39     152.68   2.19   0.9699   0.0656 1 0 .331E-24
   12.19   66.15   16.74     220.69   4.37   0.4341   0.1281 1 0 .100E+01
   12.34   71.79   16.44      29.45   1.80   0.8143   0.0636 1 1 .000E+00
   12.17   73.13   16.06     223.94   4.02   0.5611   0.1390 1 0 .998E+00
   16.58   54.15   23.94      63.68   1.23   0.8443   0.0634 1 0 .000E+00
   15.59   60.06   22.02     208.38   4.95   0.5407   0.1121 1 0 .982E+00
   15.09   65.24   20.81     228.63   3.06   0.3723   0.1197 1 0 .100E+01
   15.34   68.50   20.79     231.70   3.20   0.2450   0.1273 1 0 .100E+01
   14.85   68.50   20.12     134.28   1.81   1.0477   0.0456 1 1 .117E-40
   13.89   74.29   18.21     227.14   3.47   0.4814   0.1397 1 0 .999E+00
   13.31  111.61   13.69     226.16   1.19   0.3712   0.0580 1 0 .100E+01
   13.36   99.65   14.71      72.58   0.69   0.8155   0.0497 1 2 .000E+00
   13.04   99.44   14.39     219.31   1.27   0.4211   0.0678 1 1 .100E+01
   13.57   91.35   15.84     223.16   0.75   0.3740   0.0417 1 2 .100E+01
   13.67   87.23   16.44      61.60   1.39   1.0188   0.0510 1 0 .000E+00
   11.58  103.63   12.44     225.63   4.48   0.3761   0.1897 1 0 .100E+01
   11.95   97.69   13.34     225.95   1.31   0.4284   0.0932 2 0 .100E+01
   11.76   94.10   13.46     228.84   3.55   0.2795   0.1490 1 0 .100E+01
   13.15   92.79   15.19     129.51   1.98   0.9398   0.0482 1 1 .163E-40
   17.57   60.17   24.80     227.71   2.04   0.4898   0.0903 1 0 .999E+00
   16.89   61.04   23.76     228.71   3.10   0.3079   0.1320 1 0 .100E+01
   16.30   62.49   22.78      37.15   1.87   0.9014   0.0383 1 0 .000E+00
   16.19   74.20   21.24      18.86   2.02   0.8038   0.0815 1 1 .000E+00
   15.21   79.04   19.34     222.95   0.76   0.4475   0.0417 1 1 .100E+01
   19.11   64.79   26.41     204.38   1.32   0.3557   0.0720 1 1 .998E+00
   18.37   65.18   25.34      39.84   2.37   0.7342   0.0605 1 0 .000E+00
   18.09   66.23   24.82     121.56   2.55   0.8031   0.0964 1 1 .000E+00
   17.38   68.29   23.60      75.05   2.39   0.7863   0.0830 1 1 .000E+00
   17.50   69.49   23.60     219.44   1.56   0.2924   0.1122 1 0 .100E+01
   18.81   72.17   24.98     223.75   3.43   0.4703   0.1368 1 0 .998E+00
   18.86   80.14   23.81     157.05   5.32   0.7428   0.1388 1 0 .142E-11
   19.10   82.45   23.75     134.00   1.28   0.7395   0.0752 1 1 .444E-34
   15.35   86.56   18.53      71.14   1.44   0.8634   0.0561 1 0 .000E+00
   15.84   81.43   19.82     221.81   1.85   0.4330   0.1419 0 1 .999E+00
   15.86   79.50   20.12     103.29   1.92   0.8584   0.0475 1 1 .000E+00
   14.69  108.57   15.34     106.77   1.11   0.7368   0.0796 1 0 .000E+00
   15.48  101.82   16.80      53.02   2.62   0.7869   0.1121 1 0 .000E+00
   15.45   95.94   17.45     218.01   2.63   0.3588   0.1299 1 0 .100E+01
   13.80   84.88   16.86     223.01   4.28   0.3829   0.1365 1 0 .100E+01
    6.35   69.71    8.54     226.46   4.09   0.2894   0.1624 1 0 .100E+01
    6.06   67.37    8.26     221.71   1.91   0.4749   0.0918 1 0 .100E+01
    7.42   71.96    9.87     229.61   2.85   0.3127   0.1241 1 0 .100E+01
   13.91   51.77   20.24     214.26   3.44   0.2313   0.1277 1 0 .100E+01
   12.09   62.61   16.88     225.99   3.18   0.1819   0.1397 1 0 .100E+01
    9.54   91.92   11.09     218.47   3.00   0.4289   0.0811 2 0 .100E+01
    8.42  103.24    9.06     229.77   4.40   0.0106   0.0214 0 0 .997E+00
    8.21   84.62   10.05     225.43   1.77   0.4706   0.0839 1 0 .100E+01
   14.57   62.66   20.34     232.68   1.12   0.4481   0.0844 1 0 .100E+01
   13.23   73.58   17.42     225.02   2.45   0.3574   0.1212 1 0 .100E+01
   12.91   75.74   16.77     225.22   2.45   0.1407   0.0341 0 0 .995E+00
   16.70   74.47   21.87     155.34   2.24   0.5804   0.0956 1 0 .267E-16
    7.97  306.06    7.97     221.27   4.84   0.3232   0.1339 1 0 .100E+01
    7.85  300.71    7.87     218.18   2.39   0.6905   0.0579 1 0 .944E+00
    7.64  292.54    7.83     225.21   4.58   0.5238   0.1938 1 0 .999E+00
    7.39  291.43    7.61     213.43   2.01   0.4811   0.0887 1 0 .100E+01
    7.33  288.21    7.66     227.19   0.96   0.5362   0.0569 2 0 .100E+01
    7.34  283.87    7.87     210.33   0.62   0.5625   0.0267 2 0 .997E+00
    7.81  282.65    8.43     224.49   3.23   0.6849   4.1604 1 0 .998E+00
    6.96  303.39    6.96     219.65   1.67   0.4235   0.1162 1 1 .100E+01
    6.45  296.45    6.52     218.13   1.16   0.4836   0.0892 1 0 .100E+01
    5.99  295.54    6.07     221.40   4.15   3.2322   1.4268 1 0 .997E+00
    5.81  289.40    6.04     227.58   2.15   1.0405  76.6077 0 0 .998E+00
    5.31  287.89    5.56     223.89   4.36   1.6175  54.1698 0 0 .999E+00
    6.42  255.83    8.33     228.46   4.08   0.2394   0.0575 1 0 .100E+01
    5.93  260.78    7.45     212.50   4.32   0.0883   0.0804 1 0 .100E+01
    5.57  263.60    6.86     223.63   5.13   0.3868   0.0622 1 0 .100E+01
    5.22  273.40    6.01     227.83   0.75   0.4413   0.0314 2 0 .100E+01
    5.34  279.82    5.87     238.93   0.62   0.5236   0.0138 1 1 .999E+00
    7.30  263.39    9.01     226.25   2.48   0.2537   0.0660 2 0 .100E+01
    6.86  264.22    8.42     222.69   3.18   0.1474   0.0735 1 0 .100E+01
    6.38  276.03    7.20     210.12   1.50   0.3804   0.0342 1 0 .100E+01
    7.39  279.35    8.15     222.07   1.94   0.5106   0.0439 1 0 .100E+01
    6.84  280.62    7.48      72.20   4.15   0.1793   0.0218 0 0 .000E+00
    6.82  285.65    7.24     229.19   3.85   0.4615   0.0810 1 0 .100E+01
    5.36  336.83    6.25      76.83   0.65   0.8241   0.0283 1 0 .000E+00
    2.84  317.43    2.93     228.57   3.74   0.1713   0.0675 1 0 .100E+01
    3.24  293.87    3.30     224.92   3.88   0.4411   0.0575 1 0 .100E+01
    2.55  297.57    2.57     219.46   2.63   0.3138   0.0654 1 0 .100E+01
    8.26  351.09   10.62     216.14   5.24   0.4284   0.0717 1 0 .100E+01
    6.91  350.25    8.84     228.99   2.60   0.3900   0.0618 1 0 .100E+01
    5.58  348.63    7.06     220.07   4.44   0.2438   0.0702 1 0 .100E+01
    5.16  345.08    6.38     215.37   3.73   0.3155   0.0588 1 0 .100E+01
    2.25  326.24    2.44     219.20   3.92   0.4432   0.0541 1 0 .100E+01
    6.16  220.13    9.17     217.85   0.95   0.5351   0.0347 1 0 .100E+01
    5.36  234.65    7.72     229.01   3.79   0.3538   0.0709 1 0 .100E+01
    4.55  244.17    6.30     218.49   3.21   0.3280   0.0684 1 0 .100E+01
    2.94  267.47    3.53     221.12   1.02   0.4566   0.0288 2 0 .100E+01
    6.64  225.43    9.81     227.11   1.23   0.3732   0.0392 2 0 .100E+01
    6.16  226.38    9.08     210.47   2.75   0.3509   0.0613 2 0 .100E+01
    5.57  243.80    7.74     210.89   1.49   0.3829   0.0340 1 0 .100E+01
    5.16  248.51    6.99     220.79   0.86   0.4981   0.0296 1 0 .100E+01
    3.60  276.38    4.06     222.46   3.15   0.3928   0.0515 1 0 .100E+01
    7.13   11.48   10.20     222.38   1.00   0.4214   0.0243 1 0 .100E+01
    6.14   12.52    8.81     212.83   5.27   0.0701   0.0668 0 0 .996E+00
    3.04   12.34    4.36     209.27   2.95   0.2968   0.1056 1 0 .100E+01
    1.61  357.16    2.15     217.47   0.51   0.5354   0.0169 1 0 .100E+01
    1.59  345.00    1.96     225.02   3.82   0.1884   0.1379 1 0 .100E+01
    6.93   16.00   10.06      62.26   1.57   0.8157   0.0646 1 0 .000E+00
    6.52   20.66    9.58     230.16   4.09   0.6303   0.1270 1 0 .996E+00
    3.71   51.34    5.41     225.72   3.93   0.2626   0.1490 1 0 .100E+01
    6.18  170.69    7.93     222.24   3.35   0.4749   0.1614 1 0 .100E+01
    1.49  172.68    1.94     224.68   3.00   0.4847   0.0797 1 0 .100E+01
    1.22  175.75    1.61     221.18   1.22   0.4491   0.0412 1 0 .100E+01
    1.02  165.83    1.27     226.86   2.65   0.5349   0.0963 1 0 .100E+01
    0.77    0.74    1.05     227.84   3.34   0.4015   0.0161 0 0 .999E+00
    2.63  198.37    3.85     214.58   2.04   0.4580   0.0519 1 1 .100E+01
    1.07  233.78    1.54     229.74   2.55   0.3267   0.0570 1 0 .100E+01
    0.95  265.19    1.16     228.37   1.91   0.4655   0.0486 1 0 .100E+01
    0.70  312.66    0.70     211.08   2.29   0.5553   0.0512 1 0 .999E+00
    1.08  301.78    1.08     220.80   2.60   0.3913   0.0673 1 0 .100E+01
    6.31   52.33    9.17     225.45   4.14   0.3987   0.0866 1 0 .100E+01
    6.96   58.27    9.90      29.80   1.48   0.6747   0.0480 1 1 .000E+00
    6.15   56.15    8.81     209.20   4.80   0.3468   0.1456 1 0 .100E+01
    5.80   61.58    8.14     220.88   1.34   0.3381   0.0448 1 1 .100E+01
    5.25  133.69    5.34     -64.96   5.13   0.7130   0.1494 1 0 .000E+00
    5.23  127.62    5.24     227.29   2.18   0.1826   0.1492 1 0 .100E+01
    4.14  111.54    4.26     215.55   3.86   0.5774   0.1227 0 1 .999E+00
    4.20   91.23    4.91     218.83   3.37  -0.4480   0.0326 0 0 .998E+00
    4.47   68.77    6.06     222.96   2.21  -0.6225   0.0317 0 0 .999E+00
    5.53  143.03    5.86     223.93   2.70   0.3958   0.0920 1 0 .100E+01
    4.53  135.72    4.63     221.12   3.08   0.2833   0.0949 1 0 .100E+01
    3.46   82.18    4.30     209.52   4.01   0.4081   0.0683 1 0 .100E+01
    3.83   72.70    5.07     216.65   3.93   0.2172   0.0922 1 0 .100E+01
    6.70  237.99    9.54     222.54   2.66   0.2419   0.0866 0 1 .100E+01
    6.77  246.58    9.27     221.63   1.67   0.3966   0.0799 1 0 .100E+01
    6.06  251.92    8.06     219.70   2.60   0.4402   0.0902 1 0 .100E+01
    4.76  272.05    5.52     232.24   3.26   0.5132   0.1538 1 0 .999E+00
    4.89  208.19    7.28     223.77   3.29   0.4161   0.0961 1 0 .100E+01
    7.50   67.09   10.25     224.22   1.70   0.4157   0.1017 1 0 .100E+01
    6.60  106.10    6.98     224.53   3.31   0.2669   0.0978 1 0 .100E+01
    5.33  100.91    5.83     227.50   1.89   0.3888   0.0901 1 0 .100E+01
    5.28   97.50    5.90     220.03   1.35   0.2461   0.0847 1 0 .100E+01
    4.74   88.55    5.65     215.66   5.29   0.4179   0.1006 1 0 .100E+01
    4.87  108.17    5.10     230.65   2.61   0.3264   0.0971 1 0 .100E+01
   16.32  276.30   18.38     -89.99   4.43   0.6643   0.1244 1 0 .000E+00
   15.40  260.13   19.44     219.25   3.91   0.3914   0.1186 1 0 .100E+01
   14.10  274.15   16.12     227.32   2.87   0.2821   0.0919 1 0 .100E+01
   13.57  272.41   15.72     110.60   1.58   0.9853   0.0575 1 0 .000E+00
   13.33  268.88   15.84     222.32   2.68   0.4087   0.0954 1 0 .100E+01
   14.78  244.61   20.46    -138.12   4.45   0.4945   0.3007 1 0 .000E+00
   14.13  247.74   19.23     231.14   2.32   0.3104   0.0688 1 0 .100E+01
   12.78  255.04   16.68     223.61   5.27  -0.5812   0.1193 0 0 .995E+00
   14.11  234.02   20.39     220.55   2.33   0.5361   0.0767 1 0 .999E+00
   13.43  241.53   18.84      16.29   1.58   0.8500   0.0161 2 0 .000E+00
   12.21  289.92   12.66     224.92   2.56   0.3981   0.0957 2 0 .100E+01
   11.52  289.41   11.98     220.02   3.84   0.3273   0.1129 1 0 .100E+01
   10.69  283.91   11.46     212.15   0.66   0.4934   0.0311 1 0 .100E+01
   10.35  279.63   11.39      69.06   1.30   0.9532   0.0380 1 0 .000E+00
    9.86  278.05   10.97     227.73   1.53   0.4166   0.0538 1 0 .100E+01
   10.21  288.86   10.64     131.33   2.20   0.5868   0.1717 2 0 .266E-31
    9.44  281.55   10.27     227.31   2.18   0.4167   0.0625 1 0 .100E+01
    9.48  279.47   10.45      15.17   1.72   0.8349   0.0467 1 0 .000E+00
   10.61  235.25   15.27      29.01   0.91   0.9532   0.0399 1 1 .000E+00
    9.13  248.63   12.38     224.16   4.14   0.3760   0.1160 1 0 .100E+01
    9.00  252.41   11.94     233.99   1.03   0.4127   0.0351 1 0 .100E+01
    8.75  254.09   11.49     233.82   4.26   0.4200   0.1050 1 0 .100E+01
   11.81  233.61   17.09     212.11   2.30   0.6145   0.0761 2 0 .976E+00
    9.80  252.60   12.98     229.23   3.06   0.4019   0.1044 1 0 .100E+01
    9.89  257.62   12.70      77.83   2.11   0.9516   0.0434 1 0 .000E+00
    8.68  300.47    8.70     244.72   4.71   0.2233   0.0487 0 0 .963E+00
    7.64  273.08    8.80     214.40   1.26   0.4318   0.0428 1 0 .100E+01
    7.96  266.40    9.63     233.11   1.50   0.3039   0.0880 1 0 .100E+01
    7.06  267.89    8.45      56.79   1.86   0.8171   0.0348 1 0 .000E+00
    8.68  219.81   12.93     224.09   5.12   0.3326   0.1511 1 0 .100E+01
    8.05  226.51   11.86      -6.02   4.77   0.2828   0.1653 1 0 .000E+00
    6.36  245.00    8.79     220.21   1.84   0.3951   0.0815 1 0 .100E+01
    6.56  252.53    8.70      66.34   3.70   0.5410   0.1264 1 0 .000E+00
    8.23  231.17   11.99     240.75   2.35   0.2547   0.0700 2 0 .100E+01
    7.21  251.57    9.61     220.74   3.95   0.2373   0.1193 1 0 .100E+01
    7.33  254.31    9.60     222.83   0.96   0.4355   0.0554 1 0 .100E+01
    4.46  275.53    5.05     241.16   4.94   0.4407   0.0904 1 0 .100E+01
    4.61  303.76    4.61     223.37   3.22   0.3480   0.1768 1 0 .100E+01
    4.22  302.41    4.22     230.00   3.06   0.4725   0.0998 1 0 .100E+01
    3.07  282.41    3.32     231.14   0.89   0.4202   0.0298 1 0 .100E+01
    6.51  216.89    9.72     223.82   3.32  -0.2733   0.0404 0 0 .998E+00
    5.52  230.73    8.07     218.03   1.78  -0.2530   0.0292 0 0 .998E+00
    5.22  231.68    7.60     225.23   0.81  -0.2533   0.0155 0 0 .998E+00
    4.49  243.55    6.24     223.76   2.31   0.2006   0.1108 1 0 .100E+01
    4.45  253.44    5.87     213.12   2.47   0.2329   0.1733 1 0 .100E+01
   13.38  293.52   13.66     206.55   4.00   0.4178   0.2135 1 0 .992E+00
    9.52  291.58    9.79     224.32   1.41   0.3857   0.0702 1 1 .100E+01
    8.92  296.28    9.03      50.69   1.37   0.8296   0.0849 2 0 .000E+00
   12.97  230.51   18.94     219.82   1.82   0.4200   0.0840 1 0 .100E+01
   12.05  235.07   17.35     220.96   1.43   0.5654   0.0492 1 0 .998E+00
   14.00  230.45   20.45      47.54   1.85   0.8850   0.0237 1 1 .000E+00
   13.35  235.83   19.17      64.29   0.91   0.9652   0.0353 1 0 .000E+00
   12.32  242.19   17.24     222.71   2.07   0.4487   0.1030 1 0 .100E+01
    8.40  234.40   12.12     222.42   0.89   0.4267   0.0415 1 1 .100E+01
   12.14  245.95   16.69     225.87   1.01   0.5312   0.0475 1 0 .999E+00
   12.53  243.25   17.45     218.35   2.83   0.4560   0.0893 1 0 .100E+01
   11.48  239.70   16.23     221.56   2.64   0.7229   0.1160 1 0 .962E+00
   11.55  237.23   16.49     228.67   3.61   0.4429   0.0891 1 0 .100E+01
   15.05  215.59   22.46     304.01   1.75   0.6971   0.0337 2 0 .000E+00
   14.80  217.06   22.07      98.72   1.10   0.8664   0.0250 1 1 .000E+00
   13.15  227.34   19.34     221.05   2.19   0.3306   0.0626 2 0 .100E+01
   16.73  216.12   24.96     229.02   3.12   0.3760   0.1128 1 0 .100E+01
   16.21  218.06   24.16     225.23   2.32   0.2804   0.0476 2 0 .100E+01
   15.54  222.81   23.05     222.32   2.90   0.5441   0.1335 1 0 .996E+00
   14.48  222.20   21.50     221.38   2.77   0.2968   0.1161 1 0 .100E+01
   14.61  224.20   21.62       0.29   1.04   0.9603   0.0230 2 0 .000E+00
   15.09  230.65   22.02     221.16   1.11   0.2613   0.0593 2 0 .100E+01
    7.44  253.37    9.81     204.22   4.39   0.3208   0.1047 1 0 .100E+01
    8.45  243.28   11.77     234.70   1.53   0.3411   0.0701 1 0 .100E+01
    7.97  241.76   11.17     212.65   3.33   0.1983   0.0306 0 0 .993E+00
    8.97  228.35   13.16     232.21   4.22   0.2958   0.1042 1 0 .100E+01
   10.24  219.13   15.25     221.77   4.27   0.1541   0.0212 0 0 .996E+00
    6.11  255.12    7.98     217.29   3.96   0.1884   0.1276 1 0 .100E+01
    6.46  250.39    8.67     228.00   3.70   0.4041   0.1226 1 0 .100E+01
    7.89  237.80   11.23     216.63   3.27   0.3827   0.0757 1 0 .100E+01
    8.48  224.81   12.55     220.62   3.15   0.1632   0.1014 1 0 .100E+01
   15.16  201.59   22.33     111.01   2.05   0.8883   0.0269 1 0 .000E+00
   14.12  201.61   20.80     216.41   3.34   0.3011   0.0888 1 0 .100E+01
   14.10  202.69   20.81     217.26   3.91   0.3289   0.1098 1 0 .100E+01
   14.32  206.73   21.27     223.97   0.71   0.3295   0.0344 2 0 .100E+01
   10.84  213.60   16.18      68.33   1.38   0.9510   0.0231 1 0 .000E+00
   11.51  218.08   17.16     227.59   1.42   0.4167   0.0465 2 0 .100E+01
   16.89  202.59   24.93      61.38   0.76   0.9970   0.0181 2 0 .000E+00
   15.27  210.44   22.77     159.44   0.91   0.8839   0.0324 2 0 .271E-22
   14.72  208.51   21.92     271.79   1.16   0.8866   0.0339 2 0 .241E-14
   13.37  210.98   19.93     226.86   3.50   0.2476   0.1023 1 0 .100E+01
   13.85  215.69   20.67     211.23   1.41   0.4131   0.0443 1 0 .100E+01
   12.38  226.64   18.24     224.89   0.65   0.4386   0.0310 2 0 .100E+01
    6.30  228.54    9.24      21.58   0.88   0.9627   0.0281 1 0 .000E+00
    7.48  220.72   11.13     218.87   4.36   0.2645   0.1502 1 0 .100E+01
    8.00  211.76   11.93     102.10   1.49   0.9406   0.0796 1 0 .000E+00
    8.71  209.69   12.97     224.03   4.35   0.2817   0.1249 1 0 .100E+01
    9.47  207.81   14.09      65.94   3.86   0.6185   0.1886 1 0 .000E+00
    3.90  248.36    5.30     221.00   1.24   0.4013   0.0678 1 0 .100E+01
    5.38  237.28    7.69     224.99   3.36   0.4895   0.1544 1 0 .100E+01
    5.65  228.37    8.29     218.10   0.72   0.3833   0.0232 1 0 .100E+01
    5.74  223.02    8.50     227.05   4.34   0.3682   0.1369 1 0 .100E+01
    8.19  206.69   12.17     219.15   0.62   0.4769   0.0361 1 0 .100E+01
   13.29  181.77   18.19     343.05   1.61   0.9108   0.0348 1 0 .000E+00
   13.08  177.15   17.47     140.47   1.37   0.9772   0.0545 1 0 .350E-34
   12.70  181.31   17.35     222.55   0.89   0.3248   0.0455 1 0 .100E+01
   11.66  185.96   16.30     224.44   1.74   0.4394   0.0638 2 0 .100E+01
   11.22  187.53   15.78     227.68   1.07   0.3992   0.0510 1 0 .100E+01
   10.77  190.33   15.32     220.62   3.13   0.4249   0.1612 1 0 .100E+01
   10.12  201.21   14.89      67.32   1.05   0.7402   0.0534 1 0 .000E+00
   14.51  182.57   19.95      59.09   1.71   0.9384   0.0237 1 0 .000E+00
   13.79  187.21   19.37     107.29   1.69   0.8704   0.0679 1 0 .000E+00
   12.40  187.69   17.46     215.87   1.54   0.4428   0.0908 1 0 .100E+01
   12.28  195.82   17.83      54.88   0.44   0.8877   0.0232 2 0 .000E+00
   11.13  201.89   16.41     229.79   4.09   0.3774   0.1236 1 0 .100E+01
    3.65  225.22    5.39     228.68   1.25   0.5076   0.0545 1 0 .100E+01
    4.20  210.47    6.26     221.66   4.86   0.2970   0.1245 1 0 .100E+01
    5.11  203.76    7.56     216.99   1.10   0.3769   0.0497 1 0 .100E+01
    6.19  202.42    9.13     218.14   0.52   0.5169   0.0183 1 0 .100E+01
    6.08  198.11    8.88       3.46   3.00   0.5115   0.1912 1 0 .000E+00
    6.60  196.29    9.58     218.81   1.65   0.3209   0.0867 1 0 .100E+01
    2.94  219.33    4.37     222.38   4.16   0.3247   0.1129 1 0 .100E+01
    2.78  213.69    4.14     230.72   0.72   0.5192   0.0206 1 0 .100E+01
    3.35  217.97    4.99     231.35   2.87   0.3924   0.1340 1 0 .100E+01
    3.50  210.74    5.22     215.97   4.51   0.1842   0.1277 1 0 .100E+01
    3.88  206.63    5.77     226.75   2.04   0.3564   0.0854 1 0 .100E+01
    6.37  193.25    9.17     224.96   4.52   0.2727   0.1735 1 0 .100E+01
    6.98  189.41    9.89     214.07   3.84   0.5032   0.0822 1 0 .100E+01
    8.89  163.73   10.87     149.68   2.19   0.4204   0.0307 0 0 .317E-19
    7.69  174.93   10.13     222.23   1.85  -0.3579   0.0310 0 0 .998E+00
    7.21  171.14    9.27     170.61   1.24   0.4807   0.0900 1 0 .710E-08
    5.80  163.57    7.08     214.09   4.41  -0.5484   0.0644 0 0 .997E+00
   12.24  171.59   15.79     -53.33   1.57   0.6615   0.0769 1 0 .000E+00
   11.64  172.00   15.05     225.17   4.32  -0.1065   0.0324 0 0 .996E+00
    8.46  177.43   11.31     228.88   0.97   0.1762   0.0186 0 0 .997E+00
    6.63  178.10    8.89     204.58   2.15   0.5501   0.1037 1 0 .983E+00
   10.31  214.72   15.38     214.60   3.65   0.6816   0.1006 1 0 .959E+00
   14.16  191.98   20.28     132.37   1.57   0.8848   0.0508 1 0 .383E-38
   13.92  194.06   20.08     187.47   3.23   0.8108   0.0638 1 1 .802E-06
   13.26  202.93   19.59     231.05   1.14   0.4157   0.0515 1 0 .100E+01
    6.32  184.99    8.80     232.52   3.83  -0.0231   0.0384 0 0 .997E+00
    3.75  170.34    4.80     227.94   1.36   0.4602   0.0982 1 0 .100E+01
    4.62  187.46    6.50     237.94   4.25   0.1665   0.1787 1 0 .100E+01
    4.62  178.64    6.22     208.84   4.34   0.5509   0.1576 1 0 .996E+00
    9.98  178.05   13.38     236.42   4.28   0.2637   0.1715 1 0 .100E+01
    7.74  191.61   11.08     200.34   4.28   0.4529   0.1700 1 0 .971E+00
   18.24  309.37   18.33      49.71   0.81   0.9406   0.0334 2 0 .000E+00
   14.91  289.66   15.49     233.35   1.78   0.4520   0.0874 1 0 .100E+01
   14.39  298.51   14.48      51.00   0.88   1.0029   0.0406 2 0 .000E+00
   15.82  299.63   15.88      70.44   4.16   0.6948   0.1409 1 0 .000E+00
   15.54  303.42   15.54     134.34   5.25   1.0212   0.0689 1 0 .261E-27
   15.88  308.38   15.93      50.31   3.26   0.6726   0.1790 1 0 .000E+00
   15.65  286.48   16.52      84.89   1.94   0.6372   0.0408 2 0 .000E+00
   15.83  291.56   16.30      75.00   1.95   0.7221   0.0485 2 0 .000E+00
   18.84  295.67   19.09     124.09   2.14   0.8307   0.1209 2 0 .000E+00
   16.56  301.07   16.60      -6.09   3.40   0.6990   0.0823 1 0 .000E+00
   21.22  318.29   21.98     -18.69   2.87   1.0091   0.0673 1 0 .000E+00
   17.53  316.06   17.97      52.48   1.79   0.7766   0.0900 2 0 .000E+00
   17.90  311.10   18.06     220.81   0.99   0.8609   0.0350 2 0 .292E-03
   16.55  314.49   16.87      38.51   1.66   0.9308   0.0528 1 0 .000E+00
   19.01  320.27   19.88      28.09   2.93   0.5789   0.1205 1 0 .000E+00
   17.72  320.61   18.56      98.94   2.44   0.8915   0.0650 1 0 .000E+00
   15.56  320.16   16.27      49.95   4.03   0.5506   0.2779 1 0 .000E+00
   12.44  312.62   12.60     209.82   3.06   0.3147   0.1299 1 0 .100E+01
   12.91  311.33   13.04      69.77   3.45   0.5500   0.2151 1 0 .000E+00
   12.83  305.90   12.83      44.17   1.79   0.7644   0.1107 1 0 .000E+00
   14.97  312.29   15.16      98.69   2.87   1.0250   0.2633 1 0 .000E+00
   14.70  318.01   15.20      90.32   3.53   1.0268   0.0737 1 0 .000E+00
   18.58  332.14   20.92     234.99   3.97   0.5265   0.1216 1 0 .994E+00
   16.26  327.97   17.80     165.05   3.48   0.7816   0.1304 1 0 .429E-11
   14.96  332.13   16.85     123.91   1.40   0.9628   0.0418 2 0 .000E+00
   14.50  326.42   15.72      46.74   1.41   0.9774   0.0818 1 0 .000E+00
   13.80  329.42   15.26     149.29   3.29   1.0221   0.0533 1 0 .557E-26
   15.84  336.80   18.45       3.17   1.53   0.9279   0.0706 2 0 .000E+00
   12.92  328.23   14.17     221.20   4.83   0.6529   0.1855 1 0 .994E+00
   10.14  306.50   10.15      28.67   0.99   0.9086   0.0408 2 0 .000E+00
   10.38  307.29   10.40      50.48   3.95   0.7167   0.1783 1 0 .000E+00
   10.70  311.93   10.82     224.64   1.40   0.4478   0.0876 1 0 .100E+01
   10.37  296.71   10.47     226.34   0.93   0.4435   0.0568 2 0 .100E+01
   10.59  302.19   10.60     210.63   0.95   0.3281   0.0492 2 0 .100E+01
   12.64  324.40   13.53     137.82   3.37   0.8635   0.1345 1 0 .104E-25
   13.77  342.95   16.76      51.84   4.98   0.2931   0.2535 1 0 .000E+00
   11.17  340.45   13.36     218.95   2.55   0.2066   0.1073 1 0 .100E+01
    9.74  331.62   10.93     221.03   4.21   0.3696   0.2021 1 0 .100E+01
    9.41  329.13   10.39     220.23   2.05   0.1865   0.0320 0 0 .998E+00
    8.92  328.34    9.79     217.57   2.30   0.3745   0.1327 1 0 .100E+01
    9.44  321.49    9.94     221.81   3.27   0.2605   0.0893 1 0 .100E+01
   10.29  323.98   10.98     216.45   2.88   0.4462   0.1356 1 0 .100E+01
   11.29  325.76   12.18      75.21   3.43   0.7943   0.1391 1 0 .000E+00
    8.55  304.02    8.54     219.45   3.99   0.3612   0.1970 1 0 .100E+01
    8.94  313.82    9.09     224.41   3.39   0.4745   0.1067 1 0 .100E+01
   18.98  230.75   27.69      48.21   1.95   1.0002   0.0286 1 0 .000E+00
   19.65  223.64   29.11      98.43   1.94   0.9482   0.0364 1 0 .000E+00
   22.43  227.44   32.99      64.72   1.14   0.7384   0.0534 1 0 .000E+00
   20.38  218.88   30.35     155.38   3.33   0.7880   0.0773 1 0 .812E-18
   23.68  225.99   34.93     208.50   2.50   0.3352   0.0874 1 0 .998E+00
   22.17  221.53   32.95      -4.54   1.10   0.9237   0.0272 1 0 .000E+00
   16.35  231.81   23.78     111.56   3.23   1.2575   0.0479 1 0 .000E+00
   16.49  225.54   24.35      64.63   3.28   0.9604   0.0761 1 0 .000E+00
   17.96  215.62   26.80      33.84   2.72   0.9551   0.0493 1 0 .000E+00
   18.70  219.10   27.87     103.18   1.61   0.8175   0.0880 1 0 .000E+00
   19.77  220.53   29.42     208.53   3.06   0.6206   0.0663 1 0 .646E+00
   19.82  219.74   29.51      83.49   2.01   1.1056   0.0242 1 0 .000E+00
   19.68  216.26   29.36     225.12   2.10   0.2684   0.0774 1 0 .100E+01
   21.58  218.47   32.17      66.83   0.65   0.8576   0.0315 1 0 .000E+00
   28.33  209.57   42.21      56.56   0.81   0.9392   0.0449 1 0 .000E+00
   27.18  212.18   40.56      84.48   2.16   1.0340   0.0417 1 0 .000E+00
   25.89  210.43   38.59      51.72   2.16   0.7598   0.1048 1 0 .000E+00
   23.29  213.16   34.76      33.02   0.65   0.9435   0.0184 1 0 .000E+00
   22.05  214.63   32.91      67.45   0.98   0.7085   0.0381 1 0 .000E+00
   21.83  215.28   32.58     219.89   1.17   0.4017   0.0416 1 0 .100E+01
   26.64  216.70   39.74      52.05   2.06   0.8394   0.0437 1 0 .000E+00
   26.09  217.41   38.90      36.12   1.05   0.9213   0.0385 1 0 .000E+00
   24.74  218.73   36.86     113.26   2.05   0.9735   0.0438 1 0 .000E+00
   25.29  221.75   37.57     107.02   1.34   0.9413   0.0416 1 0 .000E+00
   24.81  222.26   36.84     215.43   2.45   0.4587   0.0688 1 0 .997E+00
   24.60  223.85   36.43      -9.90   1.83   0.8603   0.0339 1 0 .000E+00
   17.44  216.16   26.02      74.51   1.44   0.8858   0.0331 1 0 .000E+00
   17.72  214.10   26.46     214.68   4.23   0.2061   0.0903 1 0 .100E+01
   15.62  213.19   23.31      64.25   2.95   1.0209   0.0648 1 0 .000E+00
   18.14  208.33   27.00     103.24   1.98   0.5346   0.0850 1 0 .000E+00
   19.29  211.74   28.78     194.42   2.07   0.8406   0.0436 1 0 .136E-06
   18.68  206.69   27.75      88.01   1.09   0.8856   0.0523 1 0 .000E+00
   28.74  200.81   42.25    -130.28   2.70   0.2498   0.0833 1 0 .000E+00
   28.51  199.53   41.79      16.94   2.43   0.9547   0.0437 1 0 .000E+00
   28.03  202.75   41.38     128.49   2.31   0.8906   0.0705 1 0 .284E-39
   27.65  200.85   40.64      59.97   0.86   0.8709   0.0522 1 0 .000E+00
   27.26  200.89   40.09     123.70   3.05   0.8249   0.1065 1 0 .000E+00
   26.28  201.19   38.67     175.43   2.43   0.9683   0.0567 1 0 .832E-15
   24.63  202.84   36.37      98.11   2.24   0.9991   0.0475 1 0 .000E+00
   28.78  206.76   42.76      13.28   3.05   0.7869   0.0827 1 0 .000E+00
   28.73  208.19   42.75     123.96   1.47   1.0555   0.0384 1 0 .000E+00
   23.04  209.60   34.32     143.70   2.09   0.9280   0.0282 1 0 .144E-32
   21.07  210.36   31.41     222.47   3.39   0.3939   0.0717 1 0 .100E+01
   20.25  208.61   30.15     101.70   1.25   0.8690   0.0248 1 0 .000E+00
   20.50  211.82   30.58     107.05   1.18   0.9625   0.0188 1 0 .000E+00
   20.16  211.51   30.08     109.34   0.96   0.7367   0.0474 1 0 .000E+00
   13.64  215.69   20.36     222.73   3.10   0.3965   0.0755 1 0 .100E+01
   13.47  213.68   20.11     226.16   2.38   0.3240   0.0654 1 0 .100E+01
   16.82  205.22   24.94     161.10   1.21   0.5210   0.0603 1 0 .890E-14
   18.05  203.79   26.69      36.60   1.60   0.9090   0.0216 1 0 .000E+00
   18.34  205.38   27.19     115.39   2.62   0.9453   0.0456 1 0 .000E+00
   13.45  211.12   20.05     232.39   3.22   0.5198   0.0872 1 0 .998E+00
   18.68  200.92   27.47     458.53   3.80   0.6745   0.0386 1 0 .000E+00
   28.86  194.67   41.73     129.09   4.45   0.8480   0.0916 1 0 .479E-30
   22.55  197.21   32.85      60.62   0.93   0.7802   0.0425 1 0 .000E+00
   21.19  198.61   30.98     156.38   4.68   0.9535   0.0806 1 0 .213E-17
   20.81  198.92   30.46      64.39   2.95   1.0652   0.0464 1 0 .000E+00
   20.27  196.42   29.46      30.54   2.17   0.8067   0.0537 1 0 .000E+00
   28.31  198.97   41.43      61.32   2.42   0.8233   0.0547 1 0 .000E+00
   24.54  197.87   35.81      82.36   0.66   0.9850   0.0264 1 0 .000E+00
   21.10  199.66   30.94     166.61   1.18   0.7848   0.0311 1 0 .176E-16
   20.39  202.77   30.10      39.05   2.27   0.7709   0.0662 1 0 .000E+00
   12.86  207.86   19.13     205.53   1.83   0.3807   0.0574 1 0 .100E+01
   16.29  197.58   23.76      89.38   1.01   0.9824   0.0297 1 0 .000E+00
   17.47  198.73   25.56       4.70   3.52   1.0255   0.0704 1 0 .000E+00
   13.28  192.88   19.09     130.88   2.87   0.5973   0.1194 1 0 .370E-30
   17.49  189.21   24.79     100.02   0.98   0.7937   0.0517 1 0 .000E+00
   16.74  192.32   24.00     228.02   4.37   0.3166   0.0818 1 0 .100E+01
   28.04  190.14   39.90      46.35   0.86   0.9082   0.0407 1 0 .000E+00
   27.66  191.87   39.61     135.35   1.62   0.9481   0.0384 1 0 .284E-39
   24.72  194.77   35.74      71.02   0.67   0.9430   0.0282 1 0 .000E+00
   21.18  189.87   30.10     -16.83   0.97   0.9428   0.0296 1 0 .000E+00
   20.27  192.92   29.12      72.87   4.45   0.6973   0.1224 1 0 .000E+00
   19.28  194.79   27.88     178.60   1.74   0.6542   0.0661 1 0 .179E-07
   18.43  189.78   26.17      63.58   1.25   0.9543   0.0262 1 0 .000E+00
    1.04  188.91    1.46     212.14   1.48   0.1931   0.1138 1 0 .100E+01
    3.28  178.78    4.42     230.42   3.64   0.5491   0.1404 1 0 .999E+00
    4.10  194.99    5.93     226.86   2.15   0.4577   0.1076 1 0 .100E+01
    1.69  133.32    1.72     211.54   2.56   0.2884   0.1306 1 0 .100E+01
    3.44  149.26    3.80     223.49   2.73   0.3464   0.1341 1 0 .100E+01
    4.43  153.43    5.03     234.64   3.58   0.2763   0.1536 1 0 .100E+01
    5.29  172.94    6.88     226.66   3.99   0.6461   0.1385 1 0 .997E+00
    7.62  175.86   10.09     224.80   2.38   0.3154   0.1304 1 0 .100E+01
    2.86   84.79    3.50     221.95   2.87   0.2871   0.1286 1 0 .100E+01
    3.03  119.70    3.04      81.87   1.00   0.4763   0.0713 1 0 .000E+00
    3.61  118.84    3.63     230.86   2.73   0.3742   0.1420 1 0 .100E+01
    3.23  125.31    3.24     223.53   4.17   0.3636   0.1047 1 0 .100E+01
    2.76  139.56    2.88     221.89   2.31   0.4007   0.0971 1 0 .100E+01
    3.60   90.64    4.22     224.55   3.32   0.3708   0.1138 1 0 .100E+01
    3.75   98.28    4.17     222.46   3.57   0.4851   0.0864 1 0 .100E+01
    3.81  103.67    4.09     228.01   4.39   0.2573   0.1406 1 0 .100E+01
    4.50  115.54    4.56     225.16   3.30   0.2402   0.1662 1 0 .100E+01
    4.57  124.56    4.57     224.15   4.77   0.3133   0.1203 1 0 .100E+01
    6.94  134.53    7.08     227.01   1.69   0.2825   0.0862 1 0 .100E+01
   17.81  159.14   21.09     212.41   2.20   0.3549   0.0918 1 0 .100E+01
   16.14  154.96   18.54     231.96   3.11   0.4985   0.1210 1 0 .998E+00
    6.77  150.14    7.52     236.02   4.95   0.3955   0.1280 1 0 .100E+01
   12.78  168.30   16.13     221.63   4.28   0.1823   0.0390 0 0 .996E+00
    9.43  157.49   11.03     227.33   3.33   0.3407   0.0994 1 0 .100E+01
    6.58  159.64    7.82     212.57   1.20   0.3762   0.0961 1 0 .100E+01
    4.75  104.65    5.06     218.61   2.47   0.2313   0.1104 1 0 .100E+01
    5.45  115.20    5.53     216.84   4.37   0.1593   0.1323 1 0 .100E+01
    5.78  121.00    5.80     221.55   2.20   0.3529   0.0861 1 0 .100E+01
    5.86  100.52    6.41     215.79   3.32   0.2231   0.1025 1 0 .100E+01
   14.36  136.21   14.74      43.24   1.92   1.0468   0.1069 1 0 .000E+00
   13.81  137.00   14.22     226.98   4.51  -0.1116   0.0382 0 0 .996E+00
   16.46  146.45   17.85      80.29   1.60   0.8846   0.0805 1 0 .000E+00
   15.64  145.89   16.90     228.97   4.75   0.4112   0.0910 1 0 .100E+01
   13.36  149.44   14.77     138.81   2.50   0.9210   0.0764 1 0 .329E-30
   10.08  145.43   10.86     396.59   4.08   0.8397   0.0537 1 0 .000E+00
    8.74  140.52    9.16     229.41   4.12   0.3310   0.1243 1 0 .100E+01
    7.28  146.20    7.88     216.15   3.59   0.3680   0.1021 1 0 .100E+01
    7.35  137.26    7.58     231.21   5.15   0.2534   0.1463 1 0 .100E+01
    8.37  113.07    8.56     223.17   3.36   0.1927   0.1253 1 0 .100E+01
    8.07  116.18    8.16     233.07   3.91   0.3387   0.1237 1 0 .100E+01
   12.03   83.08   14.90     224.54   1.79   0.2306   0.1165 1 0 .100E+01
   20.04  130.45   20.18      69.05   0.89   0.9246   0.0695 1 0 .000E+00
   18.87  125.49   18.88      60.69   2.60   0.5013   0.1117 1 0 .000E+00
   16.64  126.89   16.66     228.34   5.07   0.0157   0.0248 0 0 .994E+00
   16.12  121.12   16.15     153.60   1.40   0.7404   0.0755 1 0 .420E-20
   17.72  104.08   18.97     153.26   1.52   0.3868   0.0764 1 0 .319E-16
   17.17  101.25   18.71     212.38   4.61   0.4128   0.1567 1 0 .998E+00
   17.18  133.04   17.43     212.19   3.73   0.1631   0.1128 1 0 .100E+01
   34.77  335.50   40.11     112.65   2.15   0.9918   0.0723 1 0 .000E+00
   33.27  334.43   38.09     171.93   2.80   0.7566   0.1234 1 0 .435E-10
   29.32  327.24   31.96     124.81   2.59   0.8530   0.1574 1 0 .000E+00
   37.30  338.52   43.97     119.31   0.89   0.9357   0.0302 1 0 .000E+00
   36.24  338.93   42.85     169.43   1.07   0.8776   0.0592 1 0 .298E-16
   34.53  336.96   40.25     172.35   2.95   0.8679   0.1670 1 0 .503E-10
   31.69  338.04   37.23      50.98   0.90   0.9870   0.0510 1 0 .000E+00
   30.69  337.02   35.79      65.25   1.85   0.9138   0.0338 1 0 .000E+00
   24.98  325.04   26.84     111.01   4.65   1.0288   0.2545 1 0 .000E+00
   25.10  328.41   27.56      59.63   2.61   0.8637   0.1142 1 0 .000E+00
   25.41  329.67   28.14      58.35   4.31   0.7038   0.5057 1 0 .000E+00
   28.08  333.34   31.91      20.32   1.46   0.8566   0.0370 1 0 .000E+00
   29.79  330.72   33.23     247.33   3.57   0.6550   0.0983 1 0 .565E-01
   23.99  323.17   25.49     130.85   2.91   0.9081   0.1290 1 0 .613E-33
   26.41  323.07   28.05      75.76   3.89   0.9615   0.1310 1 0 .000E+00
   26.87  322.62   28.46      63.08   1.87   0.7218   0.1498 1 0 .000E+00
   26.64  324.10   28.47      53.25   3.01   0.6598   0.1472 1 0 .000E+00
   36.63  340.48   43.79     161.94   1.19   0.7132   0.0583 1 0 .548E-17
   35.34  339.89   42.08     391.74   4.65   0.4308   0.0997 1 0 .000E+00
   32.73  339.52   38.86      70.18   0.97   0.8750   0.0306 1 0 .000E+00
   32.38  339.65   38.48     102.30   1.69   0.9957   0.0469 1 0 .000E+00
   31.33  339.47   37.19      91.84   1.64   0.9197   0.0281 1 0 .000E+00
   31.08  338.60   36.66     182.49   2.61   0.6700   0.1267 1 0 .109E-05
   37.80  344.28   46.43      77.74   0.84   0.5945   0.0713 1 0 .000E+00
   36.52  342.19   44.20      84.17   2.90   1.0100   0.1085 1 0 .000E+00
   34.69  342.31   42.02      83.04   1.93   0.8893   0.0194 1 0 .000E+00
   30.91  341.75   37.28     231.56   0.98   0.5728   0.0988 1 0 .936E+00
   30.45  339.69   36.20      18.84   1.89   0.8074   0.0327 1 0 .000E+00
   21.06  329.77   23.33     176.48   3.04   0.8743   0.2056 1 0 .298E-07
   22.79  332.87   25.80      15.68   1.26   0.9123   0.1040 1 0 .000E+00
   28.53  337.99   33.50     154.88   1.45   0.7167   0.0949 1 0 .951E-20
   25.00  330.24   27.79      75.60   1.14   0.8403   0.0778 1 0 .000E+00
   26.56  332.07   29.91      98.71   4.26   1.0179   0.1627 1 0 .000E+00
   29.23  337.19   34.13      72.35   1.96   0.8048   0.0422 1 0 .000E+00
   37.34  348.10   47.08      83.43   1.14   0.7834   0.0304 1 0 .000E+00
   36.68  346.79   45.84      48.57   1.09   0.9963   0.0326 1 0 .000E+00
   36.01  345.45   44.59      59.82   0.93   0.8858   0.0469 1 0 .000E+00
   34.93  345.29   43.21     101.33   0.71   0.8003   0.0525 1 0 .000E+00
   31.96  343.55   39.05      66.98   0.41   0.9521   0.0207 1 0 .000E+00
   31.55  346.27   39.29      12.00   1.73   0.8808   0.0235 1 0 .000E+00
   36.04  349.93   46.00     191.36   1.27   0.7034   0.0455 1 0 .317E-05
   35.99  348.86   45.61      67.52   0.72   0.8594   0.0597 1 0 .000E+00
   31.52  349.29   40.06      40.15   0.52   0.9211   0.0279 1 0 .000E+00
   30.97  347.30   38.85     139.79   1.94   0.9395   0.0587 1 0 .113E-33
   30.15  347.31   37.81     227.27   4.77   0.1136   0.0333 0 0 .917E+00
   29.21  347.44   36.66      21.96   1.35   0.8683   0.0279 1 0 .000E+00
   28.63  346.75   35.77      35.38   1.81   0.9221   0.0564 1 0 .000E+00
   22.39  339.61   26.59      29.02   3.73   0.7366   0.1819 1 0 .000E+00
   23.34  338.22   27.45      64.61   1.67   1.0142   0.0773 1 0 .000E+00
   24.90  341.70   30.03     106.61   3.20   0.9386   0.1034 1 0 .000E+00
   27.17  342.37   32.92      60.20   3.14   0.9439   0.0793 1 0 .000E+00
   27.58  343.33   33.65      59.35   1.97   0.8618   0.1115 1 0 .000E+00
   22.67  334.53   25.98      56.35   1.79   0.6810   0.1055 1 0 .000E+00
   22.98  334.67   26.35       3.56   1.89   0.9029   0.0452 1 0 .000E+00
   22.94  337.17   26.78       6.30   1.69   0.7844   0.0683 1 0 .000E+00
   23.75  335.57   27.41      67.71   1.46   0.8529   0.0877 1 0 .000E+00
   29.59  341.84   35.71      19.19   2.07   0.8308   0.0536 1 0 .000E+00
   37.09  350.88   47.63      78.15   1.53   0.9833   0.0239 1 0 .000E+00
   36.55  350.77   46.91      89.66   1.82   0.7700   0.0595 1 0 .000E+00
   35.85  351.81   46.32      16.91   0.83   0.7363   0.0538 1 0 .000E+00
   34.19  354.98   45.05      35.64   2.61   0.6667   0.1331 1 0 .000E+00
   33.82  349.87   43.14     106.45   0.94   0.9314   0.0297 1 0 .000E+00
   32.86  350.01   41.96      31.11   0.36   0.7752   0.0413 1 0 .000E+00
   30.68  353.60   40.07     160.78   1.65   0.3778   0.1047 1 0 .202E-13
   30.13  354.84   39.67       9.24   1.00   0.8945   0.0481 1 0 .000E+00
   29.46  352.88   38.32      38.29   1.73   0.9074   0.0568 1 0 .000E+00
   29.12  353.43   38.01      17.64   1.70   0.8059   0.0521 1 0 .000E+00
   29.07  352.87   37.82      99.69   3.95   0.8832   0.1219 1 0 .000E+00
   24.27  353.80   31.75       9.06   4.39   0.8243   0.1111 1 0 .000E+00
   29.11  355.29   38.43      43.29   1.17   1.0019   0.0353 1 0 .000E+00
   21.95  346.03   27.29      65.99   3.83   0.9176   0.1626 1 0 .000E+00
   25.04  343.62   30.61      33.14   1.68   1.0963   0.0501 1 0 .000E+00
   28.27  348.57   35.76      27.71   3.05   1.0041   0.1102 1 0 .000E+00
    9.97   20.51   14.64     230.18   1.29   0.5101   0.1066 1 0 .999E+00
    9.66   30.89   14.41     225.85   1.83   0.3261   0.1387 1 0 .100E+01
    8.45   22.90   12.49      97.47   1.74   1.0632   0.0741 1 0 .000E+00
    8.89   28.93   13.24     226.32   2.76   0.4046   0.1249 1 0 .100E+01
    8.95   31.44   13.36     216.57   1.82   0.4995   0.1247 1 0 .999E+00
   11.23   33.31   16.77     225.50   3.64   0.3450   0.1308 1 0 .100E+01
   11.43   35.89   17.06     226.49   2.42   0.4572   0.1016 1 0 .100E+01
    9.77   34.65   14.57     228.16   3.21   0.1621   0.2084 1 0 .100E+01
   10.06   37.82   15.00     225.74   3.18   0.3816   0.1328 1 0 .100E+01
    8.65   39.23   12.88     215.36   2.00   0.3487   0.1187 1 0 .100E+01
    8.10   45.25   11.96     227.29   3.21   0.3734   0.1529 1 0 .100E+01
    5.87   77.52    7.55     226.45   1.46   0.2550   0.1118 1 0 .100E+01
    5.13   51.10    7.47     224.50   3.17   0.2344   0.1419 1 0 .100E+01
    6.11   53.06    8.85     230.70   1.32   0.4341   0.1179 1 0 .100E+01
    7.06   53.81   10.21     227.45   4.11   0.3459   0.1206 1 0 .100E+01
    6.95   42.55   10.31     119.75   2.40   0.8626   0.0915 1 0 .000E+00
   15.73   22.86   23.22     219.72   2.05   0.3548   0.1181 1 0 .100E+01
   14.32   29.12   21.33     243.88   3.68   0.2454   0.1367 1 0 .998E+00
   11.51   37.84   17.16     222.73   3.23   0.3220   0.1566 1 0 .100E+01
   11.20   37.74   16.69     221.98   2.23   0.3326   0.1087 1 0 .100E+01
   11.55   40.86   17.18     223.94   3.54   0.3384   0.1143 1 0 .100E+01
   10.43   40.88   15.52     224.16   4.69   0.2565   0.1527 1 0 .100E+01
   10.34   43.75   15.32      76.07   2.54   0.7433   0.0849 1 0 .000E+00
   10.67   45.49   15.76     224.87   1.35   0.4550   0.0845 1 0 .100E+01
   17.43   26.96   25.89     230.60   3.75   0.6141   0.1328 1 0 .967E+00
   15.05   31.97   22.46     220.98   3.49   0.2249   0.1357 1 0 .100E+01
   13.89   33.28   20.73     217.11   2.76   0.3173   0.1409 1 0 .100E+01
   12.01   43.45   17.80     223.45   1.57   0.5273   0.1066 1 0 .999E+00
   11.71   42.47   17.36     222.52   1.91   0.3210   0.0957 1 0 .100E+01
    8.25   86.25    9.98     227.29   2.03   0.3124   0.1268 1 0 .100E+01
    8.02   75.27   10.46     222.98   2.33   0.3350   0.1028 1 0 .100E+01
    8.98   64.55   12.43     222.88   1.08   0.4186   0.1088 1 0 .100E+01
    8.22   52.17   11.94     207.62   2.38   0.5255   0.0908 1 0 .996E+00
    9.75   52.88   14.13     229.59   2.04   0.4366   0.1305 1 0 .100E+01
   17.81   30.25   26.54     213.99   2.83   0.3887   0.1099 1 0 .999E+00
   16.15   33.40   24.10     229.67   2.59   0.2114   0.1248 1 0 .100E+01
   12.79   47.09   18.83      -6.64   1.11   0.6201   0.1611 1 0 .000E+00
   20.17   39.39   30.04      81.36   1.12   0.7590   0.0804 1 0 .000E+00
   19.29   46.93   28.40     113.40   1.64   0.9273   0.0855 1 0 .000E+00
   17.87   48.33   26.23      49.39   1.37   0.8836   0.1183 1 0 .000E+00
   12.94   57.56   18.46     221.10   2.26   0.4209   0.1275 1 0 .100E+01
   10.08   57.89   14.37     221.46   3.18   0.1100   0.0385 0 0 .997E+00
   10.94   61.05   15.40     219.62   2.20   0.3621   0.1003 1 0 .100E+01
   12.07   59.70   17.07     229.58   3.94   0.1425   0.1222 1 0 .100E+01
   21.42   51.88   31.14      72.44   2.74   0.9223   0.1072 1 0 .000E+00
   18.88   55.80   27.10     252.79   3.05   0.3606   0.1087 1 0 .672E+00
   17.20   53.39   24.90     228.63   2.16   0.4035   0.1124 1 0 .999E+00
   17.81   66.18   24.44      80.02   1.36   0.6281   0.1388 1 0 .000E+00
   24.59   62.09   34.42     208.60   4.54   0.4867   0.1454 1 0 .932E+00
   24.44   65.14   33.71     226.58   2.15   0.4705   0.1137 1 0 .995E+00
   22.32   63.01   31.11     204.91   3.08   0.8633   0.0938 1 0 .116E-02
   22.74   71.59   30.29      82.22   1.77   0.9724   0.0959 1 0 .000E+00
   18.71   67.69   25.47     224.13   2.38   0.1961   0.1255 1 0 .100E+01
   18.04   68.95   24.40      -5.50   1.25   0.6700   0.1241 1 0 .000E+00
   21.65   80.16   27.33      72.01   2.55   0.7747   0.1400 1 0 .000E+00
   22.16   76.11   28.74     149.62   1.44   0.7562   0.1316 1 0 .143E-22
   14.46   79.04   18.40     224.67   3.94   0.5420   0.1278 1 0 .998E+00
   21.62  162.90   26.30     118.66   0.95   0.7839   0.0505 1 0 .000E+00
   22.23  165.11   27.46      13.97   1.55   0.9098   0.0274 1 0 .000E+00
   23.09  167.52   29.01      85.16   1.13   0.9299   0.0266 1 0 .000E+00
   23.69  164.60   29.16     184.93   2.39   0.5403   0.1017 1 0 .111E-03
   23.84  163.91   29.21     249.90   1.06   0.9717   0.0394 1 0 .963E-10
   25.88  167.03   32.39      85.68   0.95   0.9241   0.0272 1 0 .000E+00
   22.87  160.22   27.29      -3.01   3.46   0.6202   0.0710 1 0 .000E+00
   23.88  162.07   28.87     139.63   1.27   0.6078   0.0588 1 0 .125E-28
   25.20  160.23   30.07      15.60   1.20   0.9800   0.0223 1 0 .000E+00
   27.25  163.54   33.29       3.30   0.86   0.9050   0.0241 1 0 .000E+00
   36.16  169.21   45.93     265.11   1.94   0.7883   0.0511 1 0 .221E-09
   31.36  165.11   38.74      88.60   0.55   0.8935   0.0315 1 0 .000E+00
   32.23  171.06   41.44      87.78   1.22   0.7921   0.0669 1 0 .000E+00
   30.44  163.39   37.15      92.88   0.91   0.9081   0.0350 1 0 .000E+00
   30.11  162.39   36.49     150.14   5.34   0.4052   0.0937 1 0 .290E-12
   29.14  166.52   36.34      84.08   1.01   0.9837   0.0194 1 0 .000E+00
   23.48  155.65   27.11      61.37   2.30   0.7417   0.0704 1 0 .000E+00
   24.26  155.76   28.04     137.98   1.33   0.9570   0.0507 1 0 .126E-36
   24.22  156.44   28.13      20.85   0.59   0.8190   0.0244 1 0 .000E+00
   26.39  159.48   31.32     143.38   0.87   0.8061   0.0444 1 0 .173E-30
   27.03  158.38   31.84      40.91   0.82   0.8447   0.0243 1 0 .000E+00
   29.63  160.97   35.55      49.26   1.30   0.8635   0.0186 1 0 .000E+00
   25.86  155.22   29.77      48.55   1.33   0.8703   0.0397 1 0 .000E+00
   26.93  154.75   30.91      20.19   4.37   0.6594   0.1723 1 0 .000E+00
   27.37  155.57   31.59     106.44   1.78   1.0095   0.0540 1 0 .000E+00
   28.18  155.45   32.51      86.06   4.10 -55.8591  76.6077 0 0 .000E+00
   28.85  157.20   33.68      32.09   1.17   0.7888   0.0313 1 0 .000E+00
   29.49  155.56   34.03     205.39   1.16   0.8548   0.0420 1 0 .341E-05
   30.31  159.02   35.86      62.12   0.84   0.9006   0.0253 1 0 .000E+00
   39.28  165.67   48.71     156.40   1.33   0.9162   0.0390 1 0 .344E-25
   37.31  164.88   46.00     100.37   2.07   0.5119   0.0576 1 0 .000E+00
   36.75  161.45   44.24     299.64   2.91   0.4759   0.0798 1 0 .264E-19
   35.17  159.95   41.89      82.15   1.27   0.8560   0.0218 1 0 .000E+00
   33.45  158.44   39.41      40.79   1.57   0.8914   0.0384 1 0 .000E+00
   32.06  159.87   38.16     156.98   1.93   0.9690   0.0304 1 0 .475E-26
   38.90  167.82   48.96     100.45   0.50   0.6704   0.0354 1 0 .000E+00
   34.90  164.63   42.97      31.35   0.81   0.8889   0.0375 1 0 .000E+00
   32.77  164.23   40.24     133.23   1.11   0.9399   0.0373 1 0 .121E-41
   32.18  161.31   38.70      71.99   3.12   0.7837   0.0698 1 0 .000E+00
   24.19  147.83   26.47      77.77   0.51   0.9159   0.0195 1 0 .000E+00
   24.65  149.35   27.25      45.69   0.65   0.8401   0.0281 1 0 .000E+00
   25.38  149.29   28.04     200.84   2.82   0.6301   0.0720 1 0 .118E+00
   26.36  151.71   29.60      38.44   0.72   0.9427   0.0239 1 0 .000E+00
   28.05  152.96   31.78     121.12   0.70   0.6931   0.0474 1 0 .000E+00
   25.71  146.81   27.93      67.21   0.99   1.0233   0.0284 1 0 .000E+00
   26.92  146.21   29.14      76.67   1.77   0.8789   0.0602 1 0 .000E+00
   27.05  147.88   29.60     146.72   0.99   0.9359   0.0350 1 0 .964E-32
   27.60  148.65   30.36     -15.66   2.59   0.8019   0.0449 1 0 .000E+00
   28.37  150.32   31.56      61.52   0.51   0.8702   0.0250 1 0 .000E+00
   29.11  148.64   32.02      57.41   0.67   0.7881   0.0358 1 0 .000E+00
   31.51  152.65   35.63     292.52   1.34   0.7172   0.0824 1 0 .293E-20
   37.28  160.42   44.55     187.77   0.91   0.8919   0.0353 1 0 .552E-11
   35.26  156.64   41.01     100.49   1.44   0.8129   0.0407 1 0 .000E+00
   35.70  155.29   41.12     113.17   1.29   0.7341   0.0543 1 0 .000E+00
   35.71  154.48   40.89      91.40   0.72   0.8542   0.0301 1 0 .000E+00
   33.08  154.87   37.99     102.71   0.42   0.7473   0.0249 1 0 .000E+00
   32.94  155.29   37.95       5.76   1.19   0.8812   0.0250 1 0 .000E+00
   34.25  158.87   40.48      14.71   0.57   0.8221   0.0259 1 0 .000E+00
   33.86  157.26   39.56      92.52   4.37   0.6289   0.1956 1 0 .000E+00
   32.77  158.04   38.51      96.37   0.93   0.7112   0.0441 1 0 .000E+00
   32.88  157.49   38.48      41.13   1.60   0.8864   0.0281 1 0 .000E+00
   29.63  144.21   31.69     370.51   2.70   0.8184   0.0338 1 0 .000E+00
   32.07  147.10   34.92      32.67   3.84   0.8221   0.0889 1 0 .000E+00
   31.90  149.19   35.22     144.24   2.63   0.3310   0.0712 1 0 .314E-20
   33.53  150.32   37.30      62.91   0.65   0.8429   0.0220 1 0 .000E+00
   28.42  140.63   29.78      19.79   1.59   0.8444   0.0405 1 0 .000E+00
   28.90  141.90   30.49     107.63   4.83   0.6385   0.9648 1 0 .000E+00
   30.17  140.68   31.62      54.48   0.82   0.9066   0.0386 1 0 .000E+00
   32.30  144.22   34.53      46.16   0.46   0.9210   0.0235 1 0 .000E+00
   33.75  144.78   36.21      58.99   1.09   0.4806   0.0611 1 0 .000E+00
   38.43  150.11   42.69      76.20   1.75   0.8615   0.0596 1 0 .000E+00
   37.70  149.03   41.58      44.40   1.53   0.9207   0.0305 1 0 .000E+00
   36.73  148.36   40.32      63.22   2.41   0.8744   0.0565 1 0 .000E+00
   33.80  149.23   37.32      14.62   0.51   0.9950   0.0178 1 0 .000E+00
   33.72  148.14   36.97      65.83   2.52   0.7801   0.0729 1 0 .000E+00
   40.97  158.21   48.19      23.26   0.97   0.9800   0.0217 1 0 .000E+00
   40.72  156.78   47.41     149.82   2.91   0.3604   0.0713 1 0 .615E-17
   39.29  157.76   46.07     260.08   1.67   0.7142   0.0451 1 0 .159E-06
   37.68  157.40   44.07     143.54   2.37   0.4534   0.0673 1 0 .144E-22
   36.82  155.39   42.44      80.59   5.27   0.8264   0.2381 1 0 .000E+00
   34.90  152.05   39.29      41.50   0.60   1.0099   0.0217 1 0 .000E+00
   34.32  151.46   38.48      17.26   0.65   0.8842   0.0251 1 0 .000E+00
   41.30   45.77   60.97     109.09   2.21   0.9837   0.0570 1 0 .000E+00
   40.06   47.33   58.93       5.16   1.78   0.9147   0.0182 1 0 .000E+00
   39.63   46.89   58.36     100.52   2.71   0.9773   0.0569 1 0 .000E+00
   43.00   43.94   63.68     211.69   2.49   0.5347   0.0829 1 0 .915E+00
   43.50   46.45   64.12     159.37   1.83   0.8713   0.0610 1 0 .170E-20
   43.73   47.58   64.30     159.73   4.09   2.4496  54.1700 0 0 .185E-12
   43.18   49.10   63.27     239.91   1.65   0.3267   0.0662 1 0 .998E+00
   42.83   49.81   62.64     108.90   1.63   0.9057   0.0222 1 0 .000E+00
   41.81   49.68   61.18      19.93   1.11   0.8780   0.0432 1 0 .000E+00
   36.95   60.10   52.17      53.18   4.84   1.1859   0.0622 1 0 .000E+00
   38.43   57.19   54.90      99.99   3.15   0.7272   0.0967 1 0 .000E+00
   39.11   56.69   55.98      80.51   1.15   0.9425   0.0301 2 0 .000E+00
   42.25   51.24   61.55      49.54   1.00   1.0122   0.0431 1 0 .000E+00
   42.88   51.68   62.39      71.81   0.82   0.9104   0.0207 1 0 .000E+00
   42.66   50.42   62.29      25.02   1.04   0.9552   0.0245 1 0 .000E+00
   35.91   57.66   51.21      21.94   1.01   0.8067   0.0584 1 0 .000E+00
   37.48   56.27   53.72      80.70   0.83   0.9180   0.0393 2 0 .000E+00
   36.54   53.86   52.81     104.66   3.66   0.8186   0.1067 1 0 .000E+00
   35.84   51.76   52.13      -3.03   2.81   0.6891   0.1142 1 0 .000E+00
   44.10   48.55   64.69     110.72   2.87   1.0727   0.0452 1 0 .000E+00
   44.48   50.63   64.92       6.70   1.21   0.8694   0.0219 1 0 .000E+00
   47.98   45.88   70.80      58.34   1.39   0.8991   0.0197 1 0 .000E+00
   47.54   47.66   69.89      80.15   0.69   1.0142   0.0244 1 0 .000E+00
   45.24   49.89   66.16      43.91   0.79   0.7959   0.0371 1 0 .000E+00
   45.29   50.23   66.16     121.34   2.49   0.7665   0.0719 1 0 .000E+00
   44.85   52.06   65.18      47.53   1.07   0.7533   0.0562 1 0 .000E+00
   39.39   63.36   54.82     155.03   1.74   0.8557   0.0484 1 0 .136E-23
   39.73   63.58   55.23      -2.77   1.09   1.0108   0.0423 1 0 .000E+00
   40.28   63.06   56.14     119.85   1.95   0.8628   0.0628 1 0 .000E+00
   42.75   56.74   61.18       3.75   1.11   0.8502   0.0454 1 0 .000E+00
   45.24   52.69   65.63      71.37   1.06   0.7371   0.0510 1 0 .000E+00
   37.83   60.11   53.42     181.19   2.27   0.8893   0.0871 1 0 .811E-10
   40.31   56.87   57.65     240.63   4.05   0.8494   0.0833 1 0 .476E-03
   40.94   56.51   58.63      85.18   1.31   0.8652   0.0426 2 0 .000E+00
   40.37   55.87   57.95      73.21   1.72   0.8659   0.0702 1 0 .000E+00
   40.66   55.14   58.51      21.26   0.67   0.9266   0.0238 1 0 .000E+00
   49.97   47.94   73.41     140.07   0.51   0.9167   0.0191 1 0 .182E-37
   50.40   49.09   73.85     223.95   2.16   0.3958   0.0741 1 0 .999E+00
   50.17   50.20   73.31      63.51   0.76   0.9119   0.0371 1 0 .000E+00
   49.00   49.24   71.76     426.50   2.89   0.6840   0.0365 1 0 .000E+00
   47.85   49.55   70.02     229.49   4.01   0.3114   0.0984 1 0 .999E+00
   48.83   51.79   71.04      74.42   0.63   0.8584   0.0320 1 0 .000E+00
   46.69   50.97   68.07     102.91   0.48   0.8446   0.0221 1 0 .000E+00
   43.31   63.70   60.17     243.14   1.63   0.8652   0.0279 1 0 .103E-06
   44.05   59.39   62.38     183.00   1.04   0.9283   0.0333 1 0 .111E-13
   44.30   59.26   62.76      45.95   1.52   0.8458   0.0302 1 0 .000E+00
   46.78   56.43   67.02      51.64   0.58   0.8486   0.0326 1 0 .000E+00
   47.61   56.13   68.28      49.66   0.70   0.9031   0.0355 1 0 .000E+00
   41.19   63.20   57.37      92.52   1.72   1.0720   0.0336 1 0 .000E+00
   43.39   60.76   61.09     -38.68   2.01   0.8928   0.0250 1 0 .000E+00
   43.36   60.17   61.21     132.41   2.89   0.7939   0.0793 1 0 .622E-33
   43.61   58.22   62.05      23.63   1.93   0.7746   0.0677 1 0 .000E+00
   45.10   56.78   64.53      67.42   0.92   0.9073   0.0352 1 0 .000E+00
   45.38   55.82   65.15      36.48   1.72   0.9960   0.0266 1 0 .000E+00
   52.17   51.36   75.99      -1.81   0.82   0.9623   0.0312 1 0 .000E+00
   51.00   51.67   74.21     118.46   1.80   0.8904   0.0293 1 0 .000E+00
   49.58   53.13   71.83     177.46   0.94   0.8865   0.0298 1 0 .115E-14
   50.63   54.25   73.08     195.39   1.00   0.7988   0.0464 1 0 .809E-06
   50.17   56.29   71.90     119.03   2.32   0.7578   0.0687 1 0 .000E+00
   53.56   51.29   78.01      78.86   2.79   0.6020   0.0609 1 0 .000E+00
   53.38   51.91   77.62     174.66   2.78   0.6139   0.0911 1 0 .561E-08
   52.88   52.20   76.82     123.40   1.15   0.9412   0.0214 1 0 .000E+00
   53.09   52.72   77.02      68.42   2.70   0.7135   0.0948 1 0 .000E+00
   51.89   52.97   75.21     107.63   0.73   0.9203   0.0223 1 0 .000E+00
   52.52   53.89   75.90     114.25   0.59   0.7643   0.0362 1 0 .000E+00
   51.61   54.58   74.42     109.56   0.77   0.8621   0.0302 1 0 .000E+00
   45.86   62.18   64.17     158.49   2.35   0.6155   0.0923 1 0 .767E-16
   45.67   61.50   64.10      74.38   3.35   1.7860  76.6077 0 0 .000E+00
   47.72   58.90   67.73     393.84   4.02   0.0559   0.0262 0 0 .000E+00
   48.26   56.84   69.03      28.81   1.69   0.9747   0.0261 1 0 .000E+00
   48.35   55.36   69.53      99.19   1.37   0.8483   0.0692 1 0 .000E+00
   48.51   53.42   70.21      52.07   1.13   0.9411   0.0453 1 0 .000E+00
   15.51  324.13   16.58     -29.85   3.03   0.4777   0.2105 1 0 .000E+00
   41.72  233.67   60.34     302.68   5.34   0.3392   0.1182 1 0 .000E+00
   42.60  229.62   62.34     100.31   0.98   0.6436   0.0624 1 0 .000E+00
   43.51  228.68   63.82      30.00   0.40   0.8129   0.0345 1 0 .000E+00
   46.49  225.96   68.60      95.85   2.02   0.8066   0.0896 1 0 .000E+00
   39.67  227.56   58.34     139.08   3.78   0.9588   0.0724 1 0 .367E-29
   41.56  227.12   61.17      49.40   0.74   0.7218   0.0680 1 0 .000E+00
   40.38  224.88   59.69      85.59   2.36   1.1005   0.0435 1 0 .000E+00
   41.87  224.33   61.96      32.48   0.83   1.0750   0.0481 1 0 .000E+00
   46.00  220.25   68.45     230.12   4.07   0.0177   0.2013 1 0 .998E+00
   43.09  219.73   64.15      89.42   0.80   0.8713   0.0406 1 0 .000E+00
   42.45  221.25   63.10      52.26   1.27   0.9032   0.0631 1 0 .000E+00
   41.46  222.31   61.54     256.74   2.45   0.8826   0.0232 1 0 .344E-10
   40.55  221.27   60.28      48.02   0.95   0.9138   0.0309 1 0 .000E+00
   40.41  221.90   60.02      -1.84   2.22   0.8096   0.0355 1 0 .000E+00
   45.74  223.53   67.77      92.18   1.62   0.7292   0.0733 1 0 .000E+00
   46.60  224.50   68.94      40.30   1.53   0.8756   0.0393 1 0 .000E+00
   38.85  235.65   55.81      55.93   0.94   0.9030   0.0367 1 0 .000E+00
   38.38  232.19   55.76      65.36   2.03   0.9682   0.0408 1 0 .000E+00
   37.91  231.22   55.23      17.90   1.88   0.8499   0.0230 1 0 .000E+00
   37.51  226.84   55.24      42.31   1.66   0.9174   0.0479 1 0 .000E+00
   38.59  226.61   56.86      15.99   2.87   0.9132   0.1467 1 0 .000E+00
   33.82  235.41   48.63      44.29   1.14   0.9226   0.0369 1 0 .000E+00
   35.37  232.01   51.41      87.87   1.03   0.9855   0.0281 2 0 .000E+00
   36.75  225.58   54.26     140.83   3.79   0.7382   0.1223 1 0 .104E-23
   37.08  224.17   54.89      37.14   1.35   1.0003   0.0449 1 0 .000E+00
   45.21  212.94   67.46    -108.72   4.75   0.4984   0.3887 1 0 .000E+00
   44.29  211.77   66.08      72.83   2.58   0.6830   0.0849 1 0 .000E+00
   44.34  213.95   66.18      16.05   0.54   0.8500   0.0666 1 0 .000E+00
   40.97  214.51   61.15     209.36   2.04   1.1626   0.0357 1 0 .223E-14
   40.94  218.22   61.03      87.14   2.16   0.8698   0.0397 1 0 .000E+00
   44.10  218.69   65.71     216.03   3.21   1.1551   0.0925 1 0 .419E-06
   40.95  219.18   60.99     122.58   0.63   0.9533   0.0255 1 0 .000E+00
   39.08  221.70   58.06      89.40   0.77   0.9394   0.0282 1 0 .000E+00
   32.97  235.18   47.45     107.31   0.64   0.9250   0.0210 1 1 .000E+00
   33.91  230.34   49.52      38.00   1.99   0.8657   0.0316 1 1 .000E+00
   34.20  230.30   49.94     -11.88   1.72   0.9091   0.0222 1 0 .000E+00
   34.29  229.77   50.16      42.36   1.65   0.8728   0.0213 1 1 .000E+00
   35.48  226.94   52.24      89.67   1.00   0.9001   0.0286 1 0 .000E+00
   36.01  224.01   53.32      89.00   4.80   0.5480   0.2019 1 0 .000E+00
   36.81  221.09   54.72     137.02   1.59   0.9462   0.0288 1 0 .448E-39
   30.36  231.90   44.14      17.86   1.75   0.8560   0.0289 2 0 .000E+00
   33.97  227.03   50.00       9.31   0.44   0.8596   0.0251 1 0 .000E+00
   33.21  224.51   49.15     178.60   2.76   0.3392   0.1020 1 0 .140E-04
   34.20  222.97   50.71     126.57   3.12   0.4540   0.1061 1 0 .144E-32
   35.12  223.18   52.06     104.67   1.57   0.9787   0.0249 1 0 .000E+00
   42.55  208.78   63.34      26.01   1.43   0.9105   0.0263 1 0 .000E+00
   40.25  210.39   60.00      81.93   1.67   0.7283   0.0689 1 0 .000E+00
   38.06  210.87   56.76      72.44   1.47   0.7839   0.0771 1 0 .000E+00
   36.02  214.40   53.76      31.35   1.31   0.8487   0.0162 1 0 .000E+00
   43.08  209.48   64.17      80.43   2.30   0.6413   0.0666 1 0 .000E+00
   41.51  210.90   61.90     200.94   3.22   0.6656   0.0984 1 0 .230E-01
   40.03  211.89   59.72      12.06   4.23   0.6536   0.1195 1 0 .000E+00
   37.99  216.19   56.68     210.27   1.16   0.4371   0.0754 1 0 .981E+00
   37.00  218.16   55.15      98.11   2.46   0.8536   0.0166 1 0 .000E+00
   30.73  227.25   45.22      27.30   1.62   0.8401   0.0132 2 0 .000E+00
   33.62  219.88   50.05       0.10   0.61   0.9180   0.0369 1 0 .000E+00
   35.17  217.27   52.46      58.24   1.26   0.9289   0.0363 1 0 .000E+00
   28.54  219.70   42.49     217.74   3.09   0.2249   0.0850 1 0 .100E+01
   30.77  215.07   45.92     218.91   1.44   0.4307   0.0483 1 0 .999E+00
   34.39  206.95   51.11     148.84   1.90   0.9540   0.0616 1 0 .318E-28
   33.34  206.64   49.52     161.50   2.57   0.3002   0.0917 1 0 .214E-11
   33.30  210.06   49.63      64.31   1.12   0.9140   0.0420 1 0 .000E+00
   32.13  208.93   47.84       4.37   1.96   0.8249   0.0455 1 0 .000E+00
   31.86  210.63   47.49     223.17   4.47  -1.3100  76.6077 0 0 .872E+00
   32.00  212.51   47.76       3.96   1.48   1.0023   0.0260 1 0 .000E+00
   39.12  206.67   58.11      38.02   1.01   1.3404   0.0168 1 0 .000E+00
   38.10  208.04   56.69     132.11   3.20   1.2979  76.6077 0 0 .884E-30
   33.14  215.86   49.44     158.46   1.99   0.4022   0.4480 1 0 .355E-16
   37.23  235.12   53.58       5.22   1.32   0.9693   0.0425 1 1 .000E+00
   31.36  230.84   45.73      82.36   0.49   0.8189   0.0282 1 1 .000E+00
   33.80  252.35   44.84      91.90   1.21   0.9111   0.0651 1 0 .000E+00
   33.17  246.59   45.43     226.99   1.08   0.3912   0.0771 1 0 .999E+00
   29.67  257.11   38.22      54.74   2.17   0.9872   0.0714 1 0 .000E+00
   29.74  253.73   39.13      35.72   1.88   0.8035   0.0935 1 0 .000E+00
   32.14  251.42   42.87     121.69   4.26   4.6995  76.6077 0 0 .000E+00
   37.07  237.42   52.91      34.80   1.11   0.8879   0.0477 1 0 .000E+00
   31.86  241.90   44.65      21.22   1.50   0.8743   0.0255 1 0 .000E+00
   31.79  244.01   44.10     221.87   3.28   0.1040   0.1453 1 0 .100E+01
   37.71  239.54   53.36      74.54   4.05   0.4795   0.2289 1 0 .000E+00
   37.69  249.97   50.69      87.83   2.80   1.0517   0.0790 1 0 .000E+00
   28.12  248.65   38.10      96.12   3.26   1.3677  54.1698 0 0 .000E+00
   31.98  234.96   46.05     170.05   3.96   0.6188   0.2005 1 0 .119E-08
   32.72  236.31   46.90     106.61   2.89   1.0300   0.0573 1 0 .000E+00
   34.89  233.23   50.54      51.00   2.03   0.8258   0.0469 1 0 .000E+00
   33.73  236.66   48.28     225.96   1.48   0.3139   0.0657 1 0 .100E+01
   30.30  244.23   41.98      25.14   1.75   1.0706   0.0553 1 0 .000E+00
   23.99  262.34   29.85      20.69   3.44   0.8652   0.1024 1 0 .000E+00
   24.49  255.77   31.82     103.28   2.56   0.6848   0.1634 1 0 .000E+00
   24.49  253.54   32.26      -5.70   1.59   0.9356   0.0925 1 0 .000E+00
   23.31  244.86   32.20     219.92   2.30   0.3504   0.1265 1 0 .999E+00
   24.37  242.93   33.98     129.88   1.05   0.6739   0.0682 1 0 .172E-37
   28.37  232.07   41.24      97.11   3.84   0.6276   0.1146 1 0 .000E+00
   28.64  234.77   41.26     150.60   1.42   0.7657   0.0497 1 0 .205E-24
   28.38  238.93   40.27      90.79   3.19   0.6684   0.0279 1 0 .000E+00
   27.90  241.08   39.23      41.31   2.81   0.6558   0.0872 1 0 .000E+00
   31.33  229.57   45.85      44.68   1.39   0.9507   0.0288 1 0 .000E+00
   30.04  233.80   43.42      22.74   0.49   0.9222   0.0246 1 0 .000E+00
   30.57  236.19   43.83     128.30   1.97   0.8216   0.0653 1 0 .176E-39
   28.77  237.00   41.13      -1.51   1.54   0.8367   0.0175 1 0 .000E+00
   20.84  251.94   27.71      22.74   3.13   0.8790   0.1467 1 0 .000E+00
   22.96  240.34   32.38     214.56   0.88   0.4082   0.0427 1 0 .100E+01
   22.26  238.99   31.58      45.96   3.44   1.3749   0.0579 1 0 .000E+00
   22.32  237.35   31.86      -0.26   0.97   1.0176   0.0341 1 0 .000E+00
   22.83  237.36   32.58     199.82   4.98   0.3400   0.1472 1 0 .901E+00
   20.33  245.97   27.94      30.18   1.43   0.8919   0.0891 1 0 .000E+00
   20.62  234.87   29.71       4.34   4.20   0.8292   0.2261 1 0 .000E+00
   21.59  229.55   31.60     290.38   4.44   0.4830   0.1319 1 0 .109E-11
   23.93  225.61   35.33     100.06   1.19   1.0174   0.0809 1 0 .000E+00
   25.47  229.86   37.25       7.54   1.99   0.8284   0.0457 1 0 .000E+00
   24.08  231.22   35.08      28.43   0.72   1.0567   0.0235 1 0 .000E+00
   23.89  235.03   34.39      39.85   2.03   0.9250   0.0505 1 0 .000E+00
   27.45  231.87   39.92     345.10   1.47   0.7834   0.0190 1 0 .000E+00
   26.39  230.92   38.47      85.42   0.74   0.8643   0.0508 1 0 .000E+00
   27.37  233.92   39.55      25.46   1.01   1.0159   0.0206 1 0 .000E+00
   27.17  234.83   39.14     220.88   3.00   0.2608   0.1865 1 0 .996E+00
   24.92  235.98   35.75      79.26   4.31   0.9070   0.4984 1 0 .000E+00
   26.46  239.33   37.49      32.84   0.60   1.0893   0.0295 1 0 .000E+00
   30.32    8.21   42.79      55.07   3.53   0.8498   0.1867 1 0 .000E+00
   28.03    6.64   39.30      30.51   1.67   0.8152   0.0302 1 0 .000E+00
   27.22    9.66   38.65      63.23   2.74   0.8483   0.1469 1 0 .000E+00
   24.93    7.93   35.14      86.61   1.30   1.0006   0.0274 1 0 .000E+00
   32.45    8.67   45.88      45.23   3.42   0.6993   0.2099 1 0 .000E+00
   21.21   23.01   31.32      11.12   0.66   0.9545   0.0477 1 0 .000E+00
   21.99   21.34   32.36      40.56   0.76   1.0143   0.0324 1 0 .000E+00
   26.80   16.76   38.99      95.60   0.88   0.9531   0.0594 1 0 .000E+00
   21.41   13.28   30.81      76.52   2.32   0.8578   0.0961 1 0 .000E+00
   22.56   13.59   32.50     217.84   4.83   0.1669   0.1789 1 0 .999E+00
   24.85    9.61   35.28     -19.41   1.58   0.8527   0.0544 1 0 .000E+00
   25.59   11.04   36.52      62.47   1.76   0.9009   0.1047 1 0 .000E+00
   34.15   11.98   48.92      46.94   1.51   0.6179   0.1143 1 0 .000E+00
   29.94   15.32   43.38      53.12   2.05   0.8130   0.0360 1 0 .000E+00
   33.76   17.67   49.25      62.24   1.97   1.0045   0.0498 1 0 .000E+00
   30.18   16.03   43.81      83.65   1.94   0.9599   0.0359 1 0 .000E+00
   24.23   28.97   36.07     -99.30   2.83   0.3733   0.4889 1 0 .000E+00
   24.96   29.10   37.17      26.66   0.97   1.0534   0.0940 1 0 .000E+00
   28.07   23.56   41.50      56.18   4.04   0.8540   0.1793 1 0 .000E+00
   21.99   24.96   32.59      71.52   1.59   0.9310   0.0941 1 0 .000E+00
   26.78   21.23   39.42     215.50   3.64   0.0966   0.1984 1 0 .997E+00
   31.34   21.23   46.12       3.27   1.72   0.7274   0.1583 1 0 .000E+00
   30.89   21.90   45.52      76.95   1.47   0.9672   0.0743 1 0 .000E+00
   36.50   21.86   53.79      57.66   2.23   0.9068   0.0702 1 0 .000E+00
   33.84   27.86   50.32     114.81   3.79   0.7535   0.1654 1 0 .000E+00
   31.75   27.91   47.22      46.41   3.75   0.8979   0.0679 1 0 .000E+00
   28.25   31.41   42.13      11.05   2.44   0.8791   0.0609 1 0 .000E+00
   28.99   30.15   43.21      -1.82   1.87   0.8347   0.0476 1 0 .000E+00
   21.27   34.91   31.74      79.43   3.15   1.1035   0.0977 1 0 .000E+00
   23.37   33.68   34.88     234.00   3.25   0.3796   0.0910 1 0 .999E+00
   25.79   31.25   38.47     -12.25   2.98   0.7860   0.0955 1 0 .000E+00
   28.60   28.38   42.56      18.73   3.76   0.5091   0.1002 1 0 .000E+00
   27.97   24.58   41.41     144.88   3.71   0.5315   0.3597 1 0 .288E-20
   35.24   27.60   52.41     150.63   4.72 -53.1635  76.6077 0 0 .179E-15
   32.56   32.65   48.60     107.49   1.82   0.8516   0.0950 1 0 .000E+00
   34.63   39.25   51.58     114.78   0.50   0.7790   0.0380 1 0 .000E+00
   32.63   37.00   48.67       1.35   3.90   0.9992   0.1055 1 0 .000E+00
   23.96   40.50   35.64      11.10   1.21   0.9795   0.0653 1 0 .000E+00
   28.78   44.59   42.58      60.25   1.21   0.8843   0.0670 1 0 .000E+00
   27.45   47.76   40.34      35.09   2.15   0.7143   0.1039 1 0 .000E+00
   26.56   46.27   39.16     255.70   3.46   0.6276   0.0782 1 0 .115E-02
   25.71   54.39   37.09      30.14   2.24   0.7079   0.1308 1 0 .000E+00
   33.15   42.32   49.21      13.58   1.55   0.8558   0.0471 1 0 .000E+00
   30.00   51.36   43.69      10.89   2.07   0.8441   0.0261 1 0 .000E+00
   30.29   53.00   43.90      33.47   3.09   0.7614   0.1906 1 0 .000E+00
   26.89   70.10   36.13      71.20   1.41   0.8999   0.0551 1 0 .000E+00
   26.06   67.01   35.62     211.26   2.35   0.3326   0.0691 1 0 .100E+01
   27.34   60.68   38.51     117.39   1.28   0.7111   0.0624 1 0 .000E+00
   28.76   62.41   40.20      63.35   3.21   0.8176   0.1378 1 0 .000E+00
   30.47   61.60   42.74      76.68   2.34   0.9217   0.0655 1 0 .000E+00
   30.35   56.61   43.45      56.75   2.16   0.6418   0.1966 1 0 .000E+00
   34.51   44.11   51.09      61.03   2.38   0.8069   0.2465 1 0 .000E+00
   32.38   47.52   47.62     313.29   1.67   0.4287   0.0654 1 0 .000E+00
   33.78   53.00   48.96      71.48   1.49   0.9169   0.0590 1 0 .000E+00
   32.15   52.20   46.70     169.61   2.70   0.8150   0.1213 1 0 .737E-12
   32.70   53.44   47.33      22.59   2.83   0.8531   0.0850 1 0 .000E+00
   36.60   44.73   54.12     156.14   3.86   0.7892   0.2072 1 0 .258E-15
   34.81   47.07   51.25      37.89   1.73   0.8043   0.0943 1 0 .000E+00
   34.90   48.29   51.23     220.88   3.13   1.0572   0.0639 1 0 .401E-07
   34.77   51.28   50.65      62.22   1.83   1.0425   0.0832 1 0 .000E+00
   29.87   74.33   39.16      60.03   4.41   0.5538   0.0598 1 0 .000E+00
   29.34   72.22   38.95      62.76   4.07   0.4793   0.4445 1 0 .000E+00
   29.47   66.58   40.36      77.44   2.20   0.8815   0.0975 1 0 .000E+00
   32.53   64.51   45.03      31.00   2.69   0.9029   0.0484 1 0 .000E+00
   27.73   73.73   36.48      46.13   3.45   0.9109   0.0843 1 0 .000E+00
   30.02   62.57   41.94      66.77   2.51   0.9842   0.0576 1 0 .000E+00
   32.26   62.28   45.13       6.61   1.53   0.9963   0.0710 1 0 .000E+00
   37.55   49.18   54.99      62.12   2.51   0.8165   0.1222 1 0 .000E+00
   40.35   50.62   58.89      73.14   2.91   0.7431   0.1253 1 0 .000E+00
   34.47   75.13   44.97      49.67   1.17   0.8791   0.0477 1 0 .000E+00
   33.63   71.48   44.84     319.52   3.60   0.4899   0.2074 1 0 .000E+00
   31.10   75.78   40.40      77.15   4.05 -50.6265  54.1822 0 0 .000E+00
   32.06   68.93   43.37     195.24   3.63   0.6906   0.0989 1 0 .178E-02
   33.03   67.12   45.11      58.40   1.53   0.9193   0.0296 1 0 .000E+00
   33.30   65.07   45.97      63.93   1.39   0.9891   0.0297 1 0 .000E+00
   40.70   56.88   58.21      56.41   2.72   0.8484   0.0514 1 0 .000E+00
   38.30   67.98   52.07      -7.65   5.12   0.6382   0.1134 1 0 .000E+00
   40.17   67.95   54.62      63.48   3.00   0.7039   0.0902 1 0 .000E+00
   40.01   66.60   54.80      44.59   2.55   0.8866   0.0491 1 0 .000E+00
   37.79   66.03   51.90     168.62   4.58  -0.4989  76.6077 0 0 .150E-08
   19.42  115.76   19.68      94.77   2.20   1.0319   0.0778 1 0 .000E+00
   22.33  119.46   22.42      98.01   2.02   0.5953   0.1184 1 0 .000E+00
   20.59  121.40   20.63      73.82   1.74   0.9597   0.1299 1 0 .000E+00
   22.09  122.24   22.10      40.86   1.59   0.8975   0.0721 1 0 .000E+00
   22.14  123.06   22.15      34.11   2.13   0.8762   0.0403 1 0 .000E+00
   20.72   93.10   23.88      -0.66   2.83   0.5479   0.1313 1 0 .000E+00
   21.33  101.99   23.12     173.92   4.51   0.7756   0.1017 1 0 .167E-07
   21.48  110.47   22.21      90.93   2.25   0.8975   0.1060 1 0 .000E+00
   22.32  111.74   22.96      12.03   1.60   0.9213   0.0241 1 0 .000E+00
   22.21  114.95   22.56      71.24   2.64   0.8616   0.0727 1 0 .000E+00
   26.64  122.68   26.65      66.91   0.96   0.9160   0.0650 1 0 .000E+00
   26.04  118.36   26.21      58.58   0.79   0.9064   0.0360 1 0 .000E+00
   26.20  117.13   26.45      47.40   3.25   0.7227   0.1366 1 0 .000E+00
   26.35  115.27   26.74      88.76   4.98   0.2998   0.2532 1 0 .000E+00
   25.58  112.77   26.19      -9.48   2.45   0.2368   0.1070 1 0 .000E+00
   25.19  125.14   25.20      65.36   0.71   0.8596   0.0450 1 0 .000E+00
   23.31  122.49   23.32      70.02   0.54   0.9315   0.0557 1 0 .000E+00
   24.29  118.47   24.44     117.58   2.56   1.1791   0.0768 1 0 .000E+00
   23.96  116.66   24.21      47.42   2.64   0.6395   0.1326 1 0 .000E+00
   24.07  114.18   24.52     228.95   1.99   0.4389   0.0954 1 0 .999E+00
   22.43   88.36   26.74     108.08   1.59   0.7518   0.1014 1 0 .000E+00
   23.24   89.21   27.54     179.68   2.09   0.4363   0.1206 1 0 .776E-05
   21.71   92.72   25.09     218.40   0.75   0.4439   0.0468 1 0 .100E+01
   22.50   94.23   25.71     118.16   4.12   0.5953   1.2825 1 0 .000E+00
   22.27   95.38   25.26      39.22   0.86   0.8340   0.0617 1 0 .000E+00
   24.02  107.57   25.20      53.84   1.68   0.8756   0.0185 1 0 .000E+00
   23.90   91.53   27.85      28.09   2.41   0.5676   0.0859 1 0 .000E+00
   25.05  102.28   27.12      22.27   1.57   0.7048   0.0682 1 0 .000E+00
   28.56  120.75   28.62     118.34   1.58   0.6979   0.1197 1 0 .000E+00
   27.25  105.85   28.86      67.40   1.68   0.8718   0.0840 1 0 .000E+00
   27.53  126.02   27.55     145.44   0.88   0.8972   0.0615 1 0 .803E-30
   27.42  124.81   27.42      73.37   1.72   0.7846   0.0626 1 0 .000E+00
   27.60  123.47   27.60      10.66   0.76   0.8452   0.0393 1 0 .000E+00
   28.08  122.56   28.09      32.00   2.17   0.7994   0.0340 1 0 .000E+00
   26.80  120.52   26.87     148.68   1.95   0.9183   0.0393 1 0 .295E-28
   26.71  115.96   27.04     148.63   0.77   0.7218   0.0433 1 0 .476E-25
   26.56  114.35   27.04     248.46   3.15   0.6086   0.1247 1 0 .167E+00
   26.52  110.25   27.45     115.92   1.37   0.7278   0.1183 1 0 .000E+00
   25.86   88.34   30.84      14.66   2.42   1.4994   0.0206 1 0 .000E+00
   26.23   90.48   30.80     123.19   4.32   0.5510   0.2187 1 0 .000E+00
   25.56   98.98   28.27     215.15   1.80   0.4053   0.1121 1 0 .998E+00
   26.92  100.32   29.50     163.77   3.74   0.3939   0.1206 1 0 .254E-09
   29.06   93.02   33.51      30.13   1.52   0.7839   0.0827 1 0 .000E+00
   28.75   98.02   32.01      15.07   1.53   0.8566   0.0268 1 0 .000E+00
   28.42   99.34   31.35     194.44   4.11   0.1506   0.1525 1 0 .834E+00
   28.15  100.19   30.89     205.98   3.69   0.8964   0.1372 1 0 .153E-01
   31.30  115.43   31.75      35.15   0.64   0.8150   0.0437 1 0 .000E+00
   32.14  113.00   32.88      49.81   1.94   0.7026   0.1479 1 0 .000E+00
   29.66  111.45   30.54      33.55   3.36   0.8008   0.0302 1 0 .000E+00
   29.27  111.04   30.19      61.01   1.17   0.9537   0.0358 1 0 .000E+00
   31.15  108.18   32.57      62.87   1.34   0.7620   0.0870 1 0 .000E+00
   30.00  118.85   30.17     138.64   0.74   0.8429   0.0307 1 0 .186E-35
   30.65  116.91   30.95     116.90   1.35   0.9082   0.0350 1 0 .000E+00
   29.59  117.43   29.84     112.66   1.62   0.7245   0.0788 1 0 .000E+00
   29.63  113.94   30.20      33.70   1.48   0.9473   0.0250 1 0 .000E+00
   28.70  109.31   29.85      51.85   0.40   0.8144   0.0253 1 0 .000E+00
   30.67   95.03   34.86     101.69   1.95   0.9139   0.0717 1 0 .000E+00
   32.67   95.71   36.96      69.40   2.33   0.8830   0.1085 1 0 .000E+00
   32.88   96.43   37.01      96.82   1.13   0.9754   0.0908 1 0 .000E+00
   34.93   97.97   38.90     164.78   2.66   0.5436   0.1494 1 0 .906E-12
   36.03  102.16   39.02      16.08   1.00   0.9261   0.0362 1 0 .000E+00
   35.86  107.95   37.54      48.78   2.39   0.5942   0.1235 1 0 .000E+00
   34.97  106.67   36.87     111.95   1.97   0.7845   0.1749 1 0 .000E+00
   33.94  104.17   36.31      86.14   1.49   0.7509   0.0856 1 0 .000E+00
   34.95  103.52   37.53      86.86   1.30   1.0663   0.0623 1 0 .000E+00
   33.79  112.96   34.57     184.36   3.62   1.0841   0.0954 1 0 .650E-10
   31.81  108.40   33.23     -19.83   2.79   0.8796   0.0568 1 0 .000E+00
   32.26  107.05   33.94      34.70   1.81   0.9695   0.0449 1 0 .000E+00
   32.79  104.73   34.97      30.49   5.34 -53.6994  76.6077 0 0 .000E+00
    5.85   82.94    7.25     -34.44   4.25   0.8576   0.1085 0 1 .000E+00
   16.36  101.54   17.78     240.15   3.54   0.8109   0.1092 0 1 .201E+00
    9.32   50.01   13.62     228.78   2.76   0.3982   0.1402 0 1 .100E+01
    8.64   57.85   12.32      19.26   2.46   0.9117   0.1049 0 1 .000E+00
    6.49  103.27    6.98      26.73   1.04   0.8767   0.0579 0 3 .000E+00
    6.23   99.98    6.85     235.44   3.46   0.3189   0.1054 0 1 .100E+01
    6.24   85.87    7.58     202.15   4.26   0.3700   0.1437 0 1 .997E+00
    6.51   80.54    8.20     221.27   2.20   0.4828   0.0782 0 2 .100E+01
    7.15   73.75    9.40     214.49   4.75   0.3997   0.1350 0 1 .100E+01
    6.70   72.00    8.90     220.57   1.46   0.5482   0.0863 0 1 .100E+01
    5.83   60.97    8.21     -76.72   5.28   0.4686   0.1794 0 1 .000E+00
   10.56   65.67   14.53     233.27   4.43   0.5445   0.1059 0 1 .998E+00
   11.30   62.89   15.76      49.59   4.83   0.9072   0.1079 0 1 .000E+00
    9.89   78.51   12.62     223.46   2.65   0.3867   0.0922 0 1 .100E+01
   10.90   76.63   14.08       6.83   2.01   0.7826   0.1022 0 1 .000E+00
    7.87   94.52    8.97     237.98   5.03   0.5245   0.2048 0 1 .996E+00
    8.30   90.14    9.77      31.08   1.53   0.8476   0.1047 0 1 .000E+00
    8.53   80.28   10.76     230.07   1.60   0.4763   0.0800 0 2 .100E+01
   15.43   53.81   22.30      60.68   3.55   0.7939   0.1016 0 1 .000E+00
   15.37   59.22   21.79     106.60   4.07   0.6982   0.1294 0 1 .000E+00
   14.43   63.81   20.04      80.54   1.36   0.8531   0.0732 0 2 .000E+00
   10.62   93.51   12.20     218.45   3.67   0.2513   0.1134 0 1 .100E+01
   17.23   71.60   22.96     155.96   2.25   0.8383   0.0723 0 2 .104E-19
   16.28   76.18   21.10      89.75   2.70   0.7230   0.1297 0 1 .000E+00
   17.46   78.80   22.23     221.06   4.11   0.4389   0.1276 0 1 .999E+00
    7.03  315.35    7.19     218.11   5.52   0.4335   0.0855 0 1 .100E+01
    6.71  312.22    6.79     213.29   5.45   0.2454   0.0924 0 1 .100E+01
    7.25  327.67    7.93     233.58   4.86   0.3934   0.0885 0 1 .100E+01
    5.29  313.85    5.37     218.31   4.38   0.3841   0.0773 0 1 .100E+01
    4.67  296.84    4.72     230.09   1.53   0.4943   0.0862 0 1 .100E+01
    5.37  259.05    6.83     -19.05   4.55   0.6061   0.1243 0 1 .000E+00
    4.60  276.62    5.17     -30.45   4.43   0.6234   0.1047 0 1 .000E+00
    5.30  262.42    6.60      19.16   2.48   0.9143   0.0987 0 1 .000E+00
    5.11  291.84    5.25     -33.30   3.37   0.6009   0.0982 0 1 .000E+00
    7.88  359.85   10.68     237.67   1.43   0.4861   0.0809 0 1 .999E+00
    7.35    2.18   10.09      23.16   6.00   0.3407  47.3972 0 0 .000E+00
    2.98  210.01    4.44     235.24   2.73   0.4157   0.0810 0 1 .100E+01
    3.81  241.82    5.34     225.35   0.71   0.5340   0.0577 0 2 .100E+01
    7.21   29.48   10.75     213.82   4.15   0.5408   0.1404 0 1 .998E+00
    7.58   38.14   11.30     228.74   6.49   0.8984   0.1218 0 1 .511E+00
    2.79   68.12    3.79     224.11   6.34   0.6443   0.0929 0 1 .996E+00
    2.89   84.64    3.54     217.95   1.89   0.3563   0.0791 0 1 .100E+01
    1.22   77.68    1.56     224.94   6.39   0.2884   0.1164 0 1 .100E+01
    6.89   71.67    9.19     198.51   1.31   0.5218   0.0692 0 3 .909E+00
    6.56   76.24    8.49     231.66   1.27   0.4729   0.0661 0 2 .100E+01
    5.78   77.41    7.43     226.40   3.30   0.4085   0.0805 0 1 .100E+01
    5.54   99.04    6.12     218.92   5.55   0.4641   0.1202 0 1 .100E+01
    5.76  119.10    5.78     231.70   2.75   0.5925   0.0930 0 1 .998E+00
    4.47   87.57    5.36     218.58   2.04   0.4968   0.0883 0 1 .100E+01
   11.18  269.13   13.26     206.95   6.15   0.7960   0.1721 0 1 .853E+00
   14.55  254.08   19.10      81.24   2.64   0.8462   0.1013 0 1 .000E+00
   16.00  251.76   21.30      99.23   2.75   0.7607   0.1181 0 1 .000E+00
   10.12  297.05   10.21     224.02   5.32   0.6291   0.1091 0 1 .996E+00
    8.76  288.50    9.15      18.70   6.47   0.7262   0.1344 0 1 .000E+00
    8.48  294.60    8.62     139.48   5.24   0.7529   0.1333 0 1 .164E-18
    8.00  271.93    9.30      68.56   1.72   0.9275   0.1052 0 1 .000E+00
   11.04  250.02   14.84     166.71   6.24   0.7283   0.1058 0 1 .791E-07
   10.84  251.88   14.42      92.62   4.89   0.9980   0.1420 0 1 .000E+00
   12.79  238.56   18.17    -101.17   4.74   0.5266   0.2369 0 1 .000E+00
    5.82  264.68    7.13     216.58   4.24   0.5326   0.1058 0 1 .999E+00
    6.34  264.11    7.78     217.38   1.25   0.4936   0.0851 0 1 .100E+01
    7.89  252.99   10.43      56.83   5.38   0.3262   0.1951 0 1 .000E+00
    7.80  256.66   10.08     214.03   4.25   0.7138   0.1577 0 1 .984E+00
   10.38  221.88   15.42     226.04   5.55   0.3318   0.1605 0 1 .100E+01
    4.21  245.62    5.80     214.94   3.20   0.3553   0.1020 0 1 .100E+01
    4.31  227.64    6.33     217.52   2.02   0.3252   0.0816 0 1 .100E+01
    4.28  220.25    6.36      42.03   6.47   0.4319   0.1945 0 1 .000E+00
    6.80  230.43    9.93      41.30   4.43   0.5512   0.1368 0 1 .000E+00
    7.99  213.63   11.94     221.83   6.02   0.4934   0.1220 0 1 .100E+01
    7.67  222.46   11.39     229.42   5.13   0.2947   0.0983 0 1 .100E+01
    9.84  245.96   13.53     224.47   1.35   0.4468   0.0788 0 1 .100E+01
   11.60  228.46   17.02      27.92   5.90   0.7972   0.1243 0 1 .000E+00
    9.90  228.73   14.52     235.50   4.18   0.4876   0.0882 0 1 .999E+00
    7.32  236.81   10.48     226.06   1.41   0.4365   0.0798 0 1 .100E+01
    8.12  225.20   11.99     222.96   1.56   0.4530   0.0811 0 1 .100E+01
    5.13  256.48    6.64     229.08   5.67   0.4473   0.1051 0 1 .100E+01
    7.41  233.11   10.74     215.44   1.66   0.4838   0.0813 0 1 .100E+01
    3.99  234.60    5.75     221.05   1.84   0.4409   0.0802 0 1 .100E+01
    5.36  214.82    8.00     216.23   5.66   0.3183   0.1040 0 1 .100E+01
    4.90  215.77    7.30      16.99   4.97   0.6762   0.1182 0 1 .000E+00
    8.70  201.17   12.80      29.31   3.73   0.7952   0.1028 0 1 .000E+00
   15.66  187.37   22.02      70.52   2.49   0.7868   0.0984 0 1 .000E+00
   14.78  190.25   21.03      56.87   5.80   0.6647   0.0991 0 1 .000E+00
   14.63  189.24   20.73     215.79   3.44   0.3945   0.0826 0 1 .100E+01
   12.12  200.62   17.82     221.35   4.31   0.3405   0.1335 0 1 .100E+01
   15.76  194.25   22.76     235.48   1.05   0.3993   0.0574 0 2 .100E+01
   11.30  208.22   16.80     224.88   3.52   0.4869   0.0872 0 1 .100E+01
    2.87  193.26    4.14     223.87   5.11   0.3983   0.1082 0 1 .100E+01
   16.38  230.08   23.94      65.67   2.43   0.8414   0.0975 0 1 .000E+00
   18.57  225.39   27.43      33.32   1.45   0.7156   0.0913 0 1 .000E+00
   26.32  216.08   39.27      40.19   2.35   0.8270   0.0996 0 1 .000E+00
   26.40  218.12   39.36      58.50   3.82   0.7669   0.1015 0 1 .000E+00
   11.17  223.77   16.55     237.90   1.93   0.3732   0.0848 0 1 .100E+01
   26.49  197.10   38.58     -13.06   2.33   0.7945   0.0966 0 1 .000E+00
   25.03  197.01   36.44      70.72   3.35   0.7524   0.1010 0 1 .000E+00
   23.89  203.72   35.33      42.50   5.19   0.7015   0.1001 0 1 .000E+00
   15.73  197.58   22.93      32.79   2.41   0.7699   0.0918 0 1 .000E+00
   27.09  192.34   38.86     108.07   2.05   0.8485   0.1014 0 1 .000E+00
   23.12  188.58   32.68      23.30   2.90   0.7660   0.0972 0 1 .000E+00
   22.63  191.42   32.34      83.21   4.07   0.7717   0.0986 0 1 .000E+00
   19.18  197.76   27.98      46.18   2.35   0.8336   0.0964 0 1 .000E+00
    2.51  132.90    2.55     211.99   2.79   0.3815   0.1011 0 1 .100E+01
    1.62  186.03    2.26      50.13   2.40   0.7949   0.1024 0 1 .000E+00
    2.26  209.96    3.37     216.50   6.32   0.3609   0.1321 0 1 .100E+01
    2.21  180.52    3.01     229.96   6.26   0.4811   0.1962 0 1 .999E+00
    2.64  178.26    3.55     222.13   2.14   0.3708   0.0906 0 1 .100E+01
    3.27   69.63    4.41     231.71   6.30   0.4268   0.1007 0 1 .100E+01
    4.18  103.70    4.48     220.00   1.37   0.5137   0.0853 0 1 .100E+01
    5.26  118.42    5.29     218.16   1.70   0.4829   0.0923 0 1 .100E+01
    4.37  143.58    4.65     222.72   3.59   0.3573   0.1106 0 1 .100E+01
    5.13  132.87    5.20       7.37   2.62   0.7736   0.0944 0 1 .000E+00
    6.05  157.76    7.09     217.96   1.38   0.3932   0.0906 0 1 .100E+01
    5.65  167.74    7.10     233.21   1.79   0.4773   0.0967 0 1 .100E+01
    4.97  175.50    6.56      16.91   4.95   0.4860   0.1337 0 1 .000E+00
    3.73  178.31    5.01     230.08   1.58   0.4033   0.0836 0 1 .100E+01
    5.78  110.25    5.98       0.07   1.07   0.5573   0.0843 0 1 .000E+00
    6.37  128.63    6.40       6.82   3.61   0.8513   0.1065 0 1 .000E+00
    6.62  110.52    6.84     220.75   2.74   0.2809   0.1125 0 1 .100E+01
   17.42  154.24   19.92       9.10   2.26   0.7896   0.1048 0 1 .000E+00
   17.33  152.87   19.62      16.45   2.76   0.7723   0.0942 0 1 .000E+00
   12.69  152.20   14.31      42.03   3.35   0.9969   0.1160 0 1 .000E+00
    6.64  138.60    6.89     218.56   2.11   0.3895   0.0959 0 1 .100E+01
    8.35  155.43    9.62      57.30   3.85   0.6785   0.1275 0 1 .000E+00
    5.51  154.88    6.33     219.78   4.16   0.3978   0.1207 0 1 .100E+01
    5.50  150.22    6.11     215.02   1.58   0.4292   0.0896 0 1 .100E+01
    6.92   93.97    7.93      55.37   2.34   0.7713   0.0665 0 2 .000E+00
    7.54   95.79    8.52      57.92   5.05   0.6869   0.1161 0 1 .000E+00
    8.70  129.64    8.75      28.28   2.76   0.7202   0.0967 0 1 .000E+00
    8.27  101.72    8.99     243.34   1.58   0.3556   0.0804 0 2 .100E+01
   19.62  143.73   20.92      32.56   1.68   0.8146   0.1063 0 1 .000E+00
   18.87  142.99   20.03     222.53   2.19   0.4023   0.0883 0 1 .100E+01
   18.01  138.49   18.67      81.95   2.33   0.8177   0.0951 0 1 .000E+00
   16.24  130.68   16.37     197.28   4.38   0.8376   0.1023 0 1 .483E-02
   13.95  127.52   13.99     134.44   2.62   0.6950   0.0940 0 1 .356E-29
   10.75  130.74   10.84     212.59   1.61   0.3409   0.0906 0 1 .100E+01
   16.56  140.15   17.30      49.56   1.94   0.7896   0.1001 0 1 .000E+00
   15.41  134.84   15.72      96.15   2.87   0.7484   0.1019 0 1 .000E+00
   12.60  144.63   13.50      46.65   5.98   0.7863   0.1233 0 1 .000E+00
   12.66  142.93   13.43      51.01   1.86   0.8430   0.0949 0 1 .000E+00
   12.55  140.88   13.17      83.98   4.99   0.7739   0.1117 0 1 .000E+00
   13.97  135.35   14.29     209.63   3.50   0.4182   0.1125 0 1 .999E+00
   11.35  102.15   12.30      82.35   2.81   0.7731   0.1183 0 1 .000E+00
   14.29   90.68   16.76      93.77   1.01   0.8209   0.0677 0 2 .000E+00
   14.47   91.58   16.85     210.82   3.23   0.4267   0.1034 0 2 .999E+00
   19.57  123.84   19.58      42.04   1.81   0.8223   0.1000 0 1 .000E+00
   17.61  108.78   18.36     103.85   2.88   0.8121   0.1286 0 1 .000E+00
   16.74  106.98   17.62      86.22   1.10   0.8113   0.0952 0 1 .000E+00
   16.28  107.04   17.12      44.14   1.63   0.8085   0.0930 0 1 .000E+00
   19.17  135.44   19.61      98.76   4.74   0.5306   0.1100 0 1 .000E+00
   19.70  130.39   19.85      73.21   2.78   0.8794   0.1055 0 1 .000E+00
   17.53  125.86   17.54     205.32   6.14   0.5187   0.1227 0 1 .989E+00
    9.62  122.52    9.62      42.79   1.28   0.7533   0.0990 0 1 .000E+00
    9.63   20.35   14.15     226.03   1.44   0.4127   0.0933 0 1 .100E+01
    8.83   22.38   13.02     240.98   4.27   0.2586   0.1312 0 1 .100E+01
    6.64   41.64    9.86     221.29   3.23   0.3331   0.1504 0 1 .100E+01
   12.84   25.33   19.03     121.26   2.86   0.8012   0.1139 0 1 .000E+00
   13.47   31.21   20.09      94.11   3.86   0.6065   0.1520 0 1 .000E+00
   10.03   40.88   14.93     226.43   2.17   0.4571   0.1069 0 1 .100E+01
    9.46   38.13   14.10     222.58   2.71   0.5372   0.1141 0 1 .999E+00
   16.12   28.46   23.99      94.61   6.00   0.5832   0.2329 0 1 .000E+00
   13.89   36.98   20.71     228.59   3.77   0.3464   0.1383 0 1 .100E+01
   12.11   39.04   18.05      79.53   1.82   0.8052   0.1035 0 1 .000E+00
    8.72   62.55   12.18     229.01   5.63   0.4022   0.1729 0 1 .100E+01
   15.84   38.05   23.61      85.67   2.56   0.8342   0.0964 0 1 .000E+00
   15.91   40.82   23.66      -3.84   1.10   0.8382   0.0962 0 1 .000E+00
   18.28   42.89   27.11     123.92   2.05   0.7732   0.1168 0 1 .000E+00
   18.01   42.73   26.72      40.87   3.01   0.8408   0.1023 0 1 .000E+00
   17.81   41.38   26.46     114.39   5.51   0.7710   0.1694 0 1 .000E+00
   17.15   47.72   25.21     112.80   4.02   0.7917   0.1065 0 1 .000E+00
   19.08   52.37   27.71      88.19   4.12   0.7049   0.1322 0 1 .000E+00
   19.54   54.31   28.20     203.10   5.39   0.8420   0.1199 0 1 .170E-01
   13.78   83.54   17.00     126.31   2.70   0.6181   0.0993 0 1 .423E-34
   13.03   99.27   14.38     232.44   6.12   0.2334   0.2488 0 1 .999E+00
   12.28   94.30   14.03       4.32   1.80   0.6464   0.1009 0 1 .000E+00
   13.43   78.88   17.10      81.72   1.52   0.8110   0.1075 0 1 .000E+00
   21.86   53.67   31.61      34.06   1.29   0.8226   0.1054 0 1 .000E+00
   21.07   53.10   30.53      37.17   3.11   0.7972   0.1128 0 1 .000E+00
   23.87   59.83   33.75     210.35   4.19   0.3011   0.1470 0 1 .995E+00
   22.87   59.69   32.34      26.08   2.63   0.7257   0.1152 0 1 .000E+00
   23.64   62.05   33.09     117.32   2.52   0.6276   0.1388 0 1 .000E+00
   17.51   75.11   22.84     107.83   1.61   0.8533   0.0972 0 1 .000E+00
   22.43   74.80   29.31       0.01   1.53   0.8498   0.1055 0 1 .000E+00
   23.68   73.49   31.21     228.79   2.93   0.3973   0.1261 0 1 .998E+00
   17.05   96.43   19.20     157.03   3.42   1.1084   0.1145 0 1 .170E-18
   15.66   92.20   18.17       2.38   2.58   0.6453   0.1046 0 1 .000E+00
   29.26  169.82   37.31      74.99   2.61   0.7187   0.0920 0 1 .000E+00
   36.91  170.19   47.19      37.02   1.70   0.8255   0.0962 0 1 .000E+00
   36.81  168.96   46.68       3.16   2.70   0.7396   0.0939 0 1 .000E+00
   36.50  168.48   46.13       4.17   3.23   0.7227   0.0906 0 1 .000E+00
   38.75  166.92   48.48      40.48   2.21   0.7117   0.1045 0 1 .000E+00
   36.39  163.51   44.46     256.45   4.82   0.8401   0.0962 0 1 .124E-04
   26.23  147.56   28.65      35.13   2.67   0.7662   0.0926 0 1 .000E+00
   33.44  153.54   38.05      -5.20   1.87   0.7912   0.0960 0 1 .000E+00
   34.67  150.60   38.64      92.82   2.74   0.7556   0.0954 0 1 .000E+00
   39.90  232.58   57.91      11.79   2.66   0.9924   0.1093 0 1 .000E+00
   40.26  231.72   58.57      32.02   1.91   0.7980   0.0952 0 1 .000E+00
   41.26  229.37   60.42     201.56   4.79   0.7940   0.1143 0 1 .426E-02
   40.83  227.13   60.10      38.99   2.03   0.3975   0.0856 0 1 .000E+00
   41.56  227.87   61.07      61.90   4.32   0.7664   0.1099 0 1 .000E+00
   39.65  230.17   57.94      53.97   3.25   0.8307   0.1135 0 1 .000E+00
   47.25  223.69   70.00     109.09   5.75   0.5853   0.1450 0 1 .000E+00
   45.34  226.89   66.76      47.81   3.64   0.7510   0.0960 0 1 .000E+00
   33.60  235.13   48.36     107.10   3.86   0.6761   0.1089 0 1 .000E+00
   35.01  233.02   50.74     115.85   3.64   0.7439   0.1009 0 1 .000E+00
   36.69  227.03   54.02      39.10   5.66   1.6485  47.3973 0 0 .000E+00
   33.22  231.55   48.36      46.14   5.03   0.6628   0.1314 0 1 .000E+00
   34.90  226.28   51.46     104.17   3.13   0.7764   0.1204 0 1 .000E+00
   42.15  217.42   62.85      97.98   4.88   0.8162   0.1240 0 1 .000E+00
   42.76  219.26   63.69      63.74   5.00   0.6308   0.1191 0 1 .000E+00
   46.40  221.44   68.95      29.81   5.41   0.8761   0.1160 0 1 .000E+00
   41.98  226.61   61.86      70.81   3.70   0.6679   0.1218 0 1 .000E+00
   29.16  227.88   42.85      29.63   2.31   0.7370   0.0712 0 2 .000E+00
   31.90  222.28   47.35      20.96   1.43   0.8503   0.0974 0 1 .000E+00
   28.62  218.80   42.65     170.20   5.74   0.9219   0.1033 0 1 .627E-10
   29.52  214.40   44.06      99.87   4.29   0.8525   0.1041 0 1 .000E+00
   40.05  209.89   59.69     242.41   4.23   0.3468   0.1043 0 1 .980E+00
   39.50  209.13   58.84     135.28   5.24   0.6756   0.1155 0 1 .482E-22
   36.86  213.44   55.01      23.43   4.36   0.7178   0.1113 0 1 .000E+00
   36.55  214.02   54.55      34.50   2.33   0.8232   0.1064 0 1 .000E+00
   43.33  215.22   64.67     114.06   6.08   0.6602   0.1422 0 1 .000E+00
   42.04  216.56   62.71     237.36   3.97   0.7982   0.1054 0 1 .248E-01
   38.73  216.97   57.76      18.27   2.38   0.7038   0.0913 0 1 .000E+00
   34.04  206.54   50.55      22.41   3.67   0.7491   0.1301 0 1 .000E+00
   32.49  207.63   48.32      25.06   4.79   0.7400   0.1040 0 1 .000E+00
   32.07  209.84   47.79      18.59   2.60   0.7261   0.1016 0 1 .000E+00
   30.95  212.44   46.18       5.65   3.89   0.5976   0.0990 0 1 .000E+00
   35.59  211.20   53.09      13.87   1.80   0.8379   0.0985 0 1 .000E+00
   34.82  240.87   49.00     111.45   5.82   0.5463   0.1851 0 1 .000E+00
   36.85  244.13   51.10     231.01   5.04   0.8133   0.1773 0 1 .293E+00
   38.47  245.45   52.99      26.48   3.08   0.8023   0.1004 0 1 .000E+00
   32.91  232.35   47.78      10.70   2.52   0.8202   0.0968 0 1 .000E+00
   33.30  232.89   48.27     109.48   5.71   0.8107   0.1101 0 1 .000E+00
   36.90  233.57   53.38      84.68   3.00   0.7223   0.1005 0 1 .000E+00
   29.76  241.06   41.84      75.28   2.33   0.8408   0.1023 0 1 .000E+00
   23.40  253.54   30.82     124.54   5.52   1.4422  67.0298 0 0 .000E+00
   23.96  252.99   31.66      22.16   1.76   0.9308   0.1017 0 1 .000E+00
   29.12  232.45   42.28      55.35   2.69   0.7609   0.0968 0 1 .000E+00
   29.27  233.37   42.36      36.96   2.81   0.7411   0.0960 0 1 .000E+00
   31.09  235.18   44.73      28.13   4.54   0.6626   0.0938 0 1 .000E+00
   20.02  244.08   27.76      67.68   4.98   0.8091   0.1289 0 1 .000E+00
   20.35  232.11   29.58      88.29   5.12   1.1358   0.1168 0 1 .000E+00
   25.06  223.79   37.12      89.95   2.65   0.8550   0.0990 0 1 .000E+00
   24.01  228.48   35.22      56.79   5.69   0.3283   0.3288 0 1 .000E+00
   21.10  231.83   30.69      70.12   5.66   0.5857   0.2335 0 1 .000E+00
   22.57    8.69   31.91     -13.71   2.42   0.8780   0.1087 0 1 .000E+00
   23.97    7.62   33.74      21.05   2.45   0.8037   0.1072 0 1 .000E+00
   24.45   12.71   35.11      60.31   5.60   0.7562   0.1298 0 1 .000E+00
   32.72   12.73   46.99      67.02   5.25   0.7169   0.1255 0 1 .000E+00
   25.85   17.40   37.67      58.54   3.63   1.0265   0.1301 0 1 .000E+00
   32.72   28.76   48.71      52.58   4.11   0.7119   0.1366 0 1 .000E+00
   29.93   38.91   44.59      42.08   5.54   0.7646   0.1143 0 1 .000E+00
   24.62   51.30   35.85      -4.53   5.54   0.5778   0.1076 0 1 .000E+00
   32.86   52.84   47.65     352.93   6.10 -45.8527  67.1225 0 0 .000E+00
   29.60   62.23   41.41     240.44   4.81  -0.0822   0.1637 0 0 .600E+00
   26.31   69.34   35.50      49.96   4.90   0.7111   0.1078 0 1 .000E+00
   25.66   68.22   34.84      92.88   5.64   0.6796   0.1416 0 1 .000E+00
   35.34   68.68   47.88      77.72   5.83   0.5719   0.1375 0 1 .000E+00
   31.56   73.17   41.67     238.96   5.67   0.7238   0.2815 0 1 .547E+00
   25.07  121.56   25.10      81.77   1.93   0.8860   0.1110 0 1 .000E+00
   23.30  114.71   23.69      13.34   2.49   0.7713   0.0950 0 1 .000E+00
   22.38  115.59   22.69      55.77   4.06   0.6626   0.1224 0 1 .000E+00
   25.22  105.50   26.78     194.33   4.45   0.5776   0.2382 0 1 .717E-01
   26.48   91.56   30.85     117.23   4.94   0.8458   0.1319 0 1 .000E+00
   27.66   98.77   30.64     129.26   4.79   0.7546   0.0987 0 1 .414E-27
   27.75  121.70   27.78      84.92   3.51   0.8646   0.1278 0 1 .000E+00
   28.44  119.47   28.56      56.73   4.82   0.6783   0.1266 0 1 .000E+00
   25.94  109.15   26.99      77.02   2.77   0.7329   0.1121 0 1 .000E+00
   25.24  106.86   26.59      -5.68   3.91   0.8743   0.1125 0 1 .000E+00
   31.84  100.24   34.92      71.98   5.75   1.0073   0.1199 0 1 .000E+00
   33.12  100.90   36.16      56.07   4.08   0.5667   0.1427 0 1 .000E+00
   32.82  105.98   34.75       2.81   1.94   0.7929   0.1033 0 1 .000E+00
   32.06  118.02   32.29      44.76   1.45   0.6418   0.0935 0 1 .000E+00
   31.16  114.82   31.66      -5.50   1.51   0.7166   0.0961 0 1 .000E+00
   30.79  114.57   31.31      72.25   3.15   0.5401   0.1214 0 1 .000E+00
   29.78  109.13   31.00      88.43   1.64   0.6930   0.0900 0 1 .000E+00
   34.17  115.29   34.68      29.06   3.22   0.8739   0.1126 0 1 .000E+00
   31.85  114.64   32.39      46.07   1.19   0.9296   0.1004 0 1 .000E+00
   31.28  112.44   32.07      64.35   4.22   0.8563   0.1095 0 1 .000E+00
   36.12  107.45   37.92     111.11   3.78   0.7199   0.1221 0 1 .000E+00
